

   X= 7.060E-01, Z= 1.800E-02
   17       140  320    2
    1   9.091E-01
    2   8.950E-02
    6   3.377E-04
    7   8.883E-05
    8   7.057E-04
   10   1.119E-04
   11   2.032E-06
   12   3.619E-05
   13   2.814E-06
   14   3.377E-05
   16   1.545E-05
   18   3.158E-06
   20   2.183E-06
   24   4.448E-07
   25   2.334E-07
   26   3.081E-05
   28   1.689E-06
  140        14   52    2      1
   14   -1.64764E+01   1.399E+00   9.603E-05
   16   -1.58321E+01   1.407E+00   7.433E-05
   18   -1.52573E+01   1.410E+00   6.532E-05
   20   -1.47254E+01   1.411E+00   6.187E-05
   22   -1.42132E+01   1.413E+00   6.064E-05
   24   -1.37073E+01   1.416E+00   6.013E-05
   26   -1.31998E+01   1.427E+00   5.960E-05
   28   -1.26815E+01   1.460E+00   5.846E-05
   30   -1.21378E+01   1.553E+00   5.622E-05
   32   -1.15547E+01   1.778E+00   5.428E-05
   34   -1.09224E+01   2.174E+00   5.698E-05
   36   -1.02249E+01   2.610E+00   7.237E-05
   38   -9.47167E+00   2.945E+00   1.309E-04
   40   -8.72616E+00   3.238E+00   3.390E-04
   42   -8.02972E+00   3.688E+00   1.022E-03
   44   -7.36331E+00   4.622E+00   3.204E-03
   46   -6.69641E+00   6.491E+00   1.014E-02
   48   -6.00084E+00   9.630E+00   3.214E-02
   50   -5.23342E+00   1.391E+01   1.020E-01
   52   -4.30673E+00   1.804E+01   3.233E-01
  142        14   56    2     21
   14   -1.80311E+01   2.404E+00   2.392E-03
   16   -1.70823E+01   2.892E+00   9.077E-04
   18   -1.61865E+01   3.299E+00   4.027E-04
   20   -1.53468E+01   3.503E+00   2.089E-04
   22   -1.45642E+01   3.580E+00   1.251E-04
   24   -1.38713E+01   3.606E+00   8.992E-05
   26   -1.32709E+01   3.615E+00   7.633E-05
   28   -1.27291E+01   3.622E+00   7.184E-05
   30   -1.22124E+01   3.633E+00   7.137E-05
   32   -1.17010E+01   3.669E+00   7.443E-05
   34   -1.11806E+01   3.774E+00   8.468E-05
   36   -1.06341E+01   4.069E+00   1.126E-04
   38   -1.00453E+01   4.777E+00   1.871E-04
   40   -9.40159E+00   6.000E+00   4.088E-04
   42   -8.68732E+00   7.368E+00   1.120E-03
   44   -7.92186E+00   8.469E+00   3.414E-03
   46   -7.16605E+00   9.518E+00   1.072E-02
   48   -6.44987E+00   1.118E+01   3.402E-02
   50   -5.75437E+00   1.442E+01   1.084E-01
   52   -5.03261E+00   1.994E+01   3.455E-01
   54   -4.20040E+00   2.760E+01   1.100E+00
   56   -4.65452E-01   3.685E+01   3.483E+00
  144        14   58    2     43
   14   -1.98529E+01   5.435E+00   1.505E-01
   16   -1.90504E+01   5.540E+00   7.516E-02
   18   -1.81387E+01   5.686E+00   2.931E-02
   20   -1.71744E+01   6.033E+00   1.022E-02
   22   -1.61969E+01   6.758E+00   3.531E-03
   24   -1.52322E+01   7.731E+00   1.302E-03
   26   -1.43000E+01   8.456E+00   5.412E-04
   28   -1.34102E+01   8.797E+00   2.595E-04
   30   -1.25877E+01   8.922E+00   1.490E-04
   32   -1.18744E+01   8.968E+00   1.091E-04
   34   -1.12685E+01   8.996E+00   1.038E-04
   36   -1.07245E+01   9.047E+00   1.284E-04
   38   -1.02009E+01   9.193E+00   2.090E-04
   40   -9.66949E+00   9.619E+00   4.428E-04
   42   -9.10666E+00   1.075E+01   1.162E-03
   44   -8.49469E+00   1.313E+01   3.427E-03
   46   -7.81688E+00   1.663E+01   1.058E-02
   48   -7.06588E+00   2.005E+01   3.325E-02
   50   -6.28299E+00   2.292E+01   1.058E-01
   52   -5.52028E+00   2.645E+01   3.393E-01
   54   -4.77817E+00   3.277E+01   1.088E+00
   56   -3.97370E+00   4.393E+01   3.489E+00
   58   -1.99641E+00   6.220E+01   1.179E+01
  146        14   60    2     66
   14   -2.01215E+01   5.327E+00   2.796E-01
   16   -1.96124E+01   8.711E+00   2.739E-01
   18   -1.90849E+01   1.163E+01   2.572E-01
   20   -1.85079E+01   1.321E+01   2.156E-01
   22   -1.78280E+01   1.395E+01   1.428E-01
   24   -1.70118E+01   1.440E+01   6.928E-02
   26   -1.60922E+01   1.492E+01   2.667E-02
   28   -1.51249E+01   1.594E+01   9.340E-03
   30   -1.41467E+01   1.756E+01   3.285E-03
   32   -1.31789E+01   1.912E+01   1.243E-03
   34   -1.22343E+01   2.001E+01   5.349E-04
   36   -1.13321E+01   2.038E+01   2.951E-04
   38   -1.05190E+01   2.054E+01   2.715E-04
   40   -9.83192E+00   2.066E+01   4.512E-04
   42   -9.24384E+00   2.091E+01   1.086E-03
   44   -8.69532E+00   2.162E+01   3.106E-03
   46   -8.13812E+00   2.355E+01   9.490E-03
   48   -7.53987E+00   2.804E+01   2.992E-02
   50   -6.87946E+00   3.561E+01   9.523E-02
   52   -6.14037E+00   4.419E+01   3.039E-01
   54   -5.34589E+00   5.178E+01   9.791E-01
   56   -4.54310E+00   6.064E+01   3.150E+00
   58   -3.70123E+00   7.673E+01   1.008E+01
   60    9.99900E+00   0.000E+00   0.000E+00
  148        14   60    2     90
   14   -2.01257E+01   5.358E-01   2.818E-01
   16   -1.96255E+01   1.458E+00   2.822E-01
   18   -1.91250E+01   3.521E+00   2.823E-01
   20   -1.86233E+01   7.225E+00   2.818E-01
   22   -1.81181E+01   1.321E+01   2.788E-01
   24   -1.76020E+01   2.094E+01   2.689E-01
   26   -1.70548E+01   2.731E+01   2.415E-01
   28   -1.64323E+01   3.126E+01   1.826E-01
   30   -1.56828E+01   3.392E+01   1.035E-01
   32   -1.48065E+01   3.590E+01   4.418E-02
   34   -1.38564E+01   3.795E+01   1.619E-02
   36   -1.28796E+01   4.065E+01   5.784E-03
   38   -1.19014E+01   4.319E+01   2.239E-03
   40   -1.09350E+01   4.468E+01   1.173E-03
   42   -9.99736E+00   4.534E+01   1.286E-03
   44   -9.13140E+00   4.571E+01   2.792E-03
   46   -8.38666E+00   4.623E+01   7.915E-03
   48   -7.75393E+00   4.762E+01   2.434E-02
   50   -7.16575E+00   5.140E+01   7.753E-02
   52   -6.55889E+00   6.028E+01   2.500E-01
   54   -5.89520E+00   7.590E+01   8.119E-01
   56   -5.15087E+00   9.492E+01   2.642E+00
   58   -4.33354E+00   1.143E+02   8.525E+00
   60   -3.43031E+00   1.426E+02   2.717E+01
  150        14   62    2    114
   14   -2.01258E+01   2.308E-01   2.815E-01
   16   -1.96257E+01   2.667E-01   2.818E-01
   18   -1.91257E+01   3.835E-01   2.822E-01
   20   -1.86257E+01   7.576E-01   2.828E-01
   22   -1.81255E+01   1.852E+00   2.835E-01
   24   -1.76251E+01   4.681E+00   2.843E-01
   26   -1.71236E+01   1.065E+01   2.846E-01
   28   -1.66191E+01   2.089E+01   2.827E-01
   30   -1.61051E+01   3.617E+01   2.746E-01
   32   -1.55637E+01   5.326E+01   2.505E-01
   34   -1.49539E+01   6.920E+01   1.960E-01
   36   -1.42219E+01   8.428E+01   1.170E-01
   38   -1.33591E+01   9.570E+01   5.300E-02
   40   -1.24151E+01   1.031E+02   2.095E-02
   42   -1.14393E+01   1.086E+02   8.711E-03
   44   -1.04576E+01   1.124E+02   5.578E-03
   46   -9.48309E+00   1.145E+02   8.281E-03
   48   -8.53479E+00   1.156E+02   2.056E-02
   50   -7.65488E+00   1.169E+02   6.003E-02
   52   -6.88823E+00   1.201E+02   1.876E-01
   54   -6.21736E+00   1.285E+02   6.109E-01
   56   -5.56756E+00   1.477E+02   2.040E+00
   58   -4.87321E+00   1.808E+02   6.795E+00
   60   -4.09010E+00   2.242E+02   2.202E+01
   62   -3.15037E+00   2.846E+02   6.947E+01
  152        18   64    2    139
   18   -1.91259E+01   6.179E-01   2.817E-01
   20   -1.86258E+01   6.357E-01   2.819E-01
   22   -1.81258E+01   6.920E-01   2.823E-01
   24   -1.76257E+01   8.705E-01   2.829E-01
   26   -1.71257E+01   1.436E+00   2.838E-01
   28   -1.66255E+01   3.146E+00   2.850E-01
   30   -1.61249E+01   7.807E+00   2.866E-01
   32   -1.56231E+01   1.852E+01   2.878E-01
   34   -1.51174E+01   3.880E+01   2.866E-01
   36   -1.46000E+01   7.286E+01   2.782E-01
   38   -1.40492E+01   1.235E+02   2.527E-01
   40   -1.34191E+01   1.941E+02   1.967E-01
   42   -1.26595E+01   2.731E+02   1.207E-01
   44   -1.17759E+01   3.293E+02   6.204E-02
   46   -1.08222E+01   3.581E+02   3.517E-02
   48   -9.84281E+00   3.720E+02   3.431E-02
   50   -8.85884E+00   3.787E+02   6.382E-02
   52   -7.88381E+00   3.823E+02   1.608E-01
   54   -6.94206E+00   3.859E+02   4.583E-01
   56   -6.07441E+00   3.943E+02   1.444E+00
   58   -5.30033E+00   4.155E+02   4.897E+00
   60   -4.57125E+00   4.614E+02   1.672E+01
   62   -3.80000E+00   5.407E+02   5.456E+01
   64   -2.82347E+00   6.708E+02   1.699E+02
  154        22   66    2    163
   22   -1.81281E+01   1.538E+00   2.833E-01
   24   -1.76265E+01   1.554E+00   2.827E-01
   26   -1.71260E+01   1.597E+00   2.828E-01
   28   -1.66258E+01   1.730E+00   2.836E-01
   30   -1.61257E+01   2.151E+00   2.848E-01
   32   -1.56256E+01   3.466E+00   2.869E-01
   34   -1.51253E+01   7.431E+00   2.899E-01
   36   -1.46243E+01   1.843E+01   2.938E-01
   38   -1.41211E+01   4.525E+01   2.982E-01
   40   -1.36113E+01   1.033E+02   3.028E-01
   42   -1.30817E+01   2.232E+02   3.049E-01
   44   -1.24995E+01   4.542E+02   2.948E-01
   46   -1.18106E+01   8.066E+02   2.555E-01
   48   -1.09856E+01   1.138E+03   2.038E-01
   50   -1.00605E+01   1.327E+03   1.908E-01
   52   -9.09002E+00   1.407E+03   2.648E-01
   54   -8.10520E+00   1.438E+03   5.218E-01
   56   -7.12149E+00   1.453E+03   1.262E+00
   58   -6.15585E+00   1.465E+03   3.531E+00
   60   -5.23556E+00   1.491E+03   1.138E+01
   62   -4.37803E+00   1.553E+03   3.909E+01
   64   -3.53805E+00   1.685E+03   1.283E+02
   66   -2.46249E+00   1.952E+03   3.932E+02
  156        26   68    2    186
   26   -1.71405E+01   3.780E+00   2.923E-01
   28   -1.66320E+01   3.840E+00   2.871E-01
   30   -1.61280E+01   3.909E+00   2.853E-01
   32   -1.56265E+01   4.085E+00   2.854E-01
   34   -1.51260E+01   4.623E+00   2.868E-01
   36   -1.46257E+01   6.313E+00   2.894E-01
   38   -1.41254E+01   1.157E+01   2.943E-01
   40   -1.36247E+01   2.740E+01   3.037E-01
   42   -1.31223E+01   7.249E+01   3.223E-01
   44   -1.26150E+01   1.920E+02   3.601E-01
   46   -1.20925E+01   4.942E+02   4.345E-01
   48   -1.15285E+01   1.197E+03   5.659E-01
   50   -1.08721E+01   2.467E+03   7.595E-01
   52   -1.00812E+01   3.875E+03   9.990E-01
   54   -9.17676E+00   4.770E+03   1.352E+00
   56   -8.21258E+00   5.159E+03   2.120E+00
   58   -7.22869E+00   5.304E+03   4.094E+00
   60   -6.24201E+00   5.364E+03   9.614E+00
   62   -5.26666E+00   5.414E+03   2.720E+01
   64   -4.31787E+00   5.510E+03   8.797E+01
   66   -3.38181E+00   5.738E+03   2.834E+02
   68   -2.16317E+00   6.277E+03   8.496E+02
  158        30   70    2    208
   30   -1.61572E+01   8.915E+00   3.052E-01
   32   -1.56467E+01   9.575E+00   2.986E-01
   34   -1.51360E+01   9.946E+00   2.924E-01
   36   -1.46297E+01   1.039E+01   2.899E-01
   38   -1.41271E+01   1.153E+01   2.912E-01
   40   -1.36261E+01   1.503E+01   2.965E-01
   42   -1.31256E+01   2.599E+01   3.097E-01
   44   -1.26247E+01   6.002E+01   3.402E-01
   46   -1.21224E+01   1.630E+02   4.130E-01
   48   -1.16153E+01   4.633E+02   5.827E-01
   50   -1.10936E+01   1.296E+03   9.785E-01
   52   -1.05313E+01   3.371E+03   1.904E+00
   54   -9.87845E+00   7.274E+03   3.733E+00
   56   -9.09174E+00   1.171E+04   6.320E+00
   58   -8.19059E+00   1.458E+04   9.585E+00
   60   -7.22535E+00   1.583E+04   1.542E+01
   62   -6.24099E+00   1.629E+04   2.951E+01
   64   -5.25286E+00   1.650E+04   7.004E+01
   66   -4.27090E+00   1.670E+04   1.993E+02
   68   -3.28241E+00   1.714E+04   5.965E+02
   70   -1.96759E+00   1.827E+04   1.710E+03
  160        34   72    2    229
   34   -1.51637E+01   1.738E+01   3.130E-01
   36   -1.46586E+01   1.995E+01   3.105E-01
   38   -1.41488E+01   2.184E+01   3.056E-01
   40   -1.36376E+01   2.353E+01   3.016E-01
   42   -1.31304E+01   2.693E+01   3.048E-01
   44   -1.26273E+01   3.694E+01   3.216E-01
   46   -1.21259E+01   6.821E+01   3.684E-01
   48   -1.16246E+01   1.661E+02   4.902E-01
   50   -1.11217E+01   4.685E+02   8.026E-01
   52   -1.06130E+01   1.377E+03   1.643E+00
   54   -1.00867E+01   3.960E+03   3.969E+00
   56   -9.51276E+00   1.032E+04   9.869E+00
   58   -8.83869E+00   2.155E+04   2.138E+01
   60   -8.02967E+00   3.312E+04   3.715E+01
   62   -7.10892E+00   4.005E+04   5.750E+01
   64   -6.14021E+00   4.290E+04   9.519E+01
   66   -5.15337E+00   4.399E+04   1.897E+02
   68   -4.16192E+00   4.462E+04   4.601E+02
   70   -3.15138E+00   4.560E+04   1.230E+03
   72   -1.74623E+00   4.818E+04   3.300E+03
  162        34   74    2    249
   34   -1.51666E+01   2.705E+01   3.193E-01
   36   -1.46663E+01   2.993E+01   3.200E-01
   38   -1.41655E+01   3.368E+01   3.207E-01
   40   -1.36632E+01   3.879E+01   3.213E-01
   42   -1.31574E+01   4.443E+01   3.221E-01
   44   -1.26470E+01   5.051E+01   3.269E-01
   46   -1.21361E+01   6.218E+01   3.490E-01
   48   -1.16296E+01   9.558E+01   4.213E-01
   50   -1.11265E+01   1.995E+02   6.216E-01
   52   -1.06243E+01   5.251E+02   1.174E+00
   54   -1.01197E+01   1.534E+03   2.792E+00
   56   -9.60667E+00   4.562E+03   7.600E+00
   58   -9.06814E+00   1.296E+04   2.112E+01
   60   -8.46541E+00   3.192E+04   5.351E+01
   62   -7.74530E+00   6.012E+04   1.094E+02
   64   -6.89571E+00   8.376E+04   1.818E+02
   66   -5.94418E+00   9.625E+04   2.872E+02
   68   -4.96577E+00   1.011E+05   5.053E+02
   70   -3.97304E+00   1.034E+05   1.066E+03
   72   -2.94904E+00   1.060E+05   2.554E+03
   74   -1.28536E+00   1.121E+05   6.456E+03
  164        36   74    2    270
   36   -1.46667E+01   5.619E+01   3.252E-01
   38   -1.41667E+01   5.750E+01   3.280E-01
   40   -1.36665E+01   6.083E+01   3.305E-01
   42   -1.31660E+01   6.634E+01   3.339E-01
   44   -1.26647E+01   7.470E+01   3.412E-01
   46   -1.21611E+01   8.709E+01   3.581E-01
   48   -1.16531E+01   1.061E+02   4.026E-01
   50   -1.11417E+01   1.481E+02   5.232E-01
   52   -1.06324E+01   2.694E+02   8.528E-01
   54   -1.01271E+01   6.459E+02   1.802E+00
   56   -9.62303E+00   1.821E+03   4.684E+00
   58   -9.11490E+00   5.429E+03   1.355E+01
   60   -8.59174E+00   1.597E+04   4.005E+01
   62   -8.02663E+00   4.288E+04   1.102E+02
   64   -7.37005E+00   9.325E+04   2.584E+02
   66   -6.58340E+00   1.495E+05   4.788E+02
   68   -5.69166E+00   1.856E+05   7.649E+02
   70   -4.69670E+00   2.030E+05   1.277E+03
   72   -3.70552E+00   2.104E+05   2.447E+03
   74   -2.66369E+00   2.176E+05   5.521E+03
  166        36   76    2    290
   36   -1.46670E+01   1.062E+02   3.226E-01
   38   -1.41669E+01   1.077E+02   3.283E-01
   40   -1.36668E+01   1.101E+02   3.357E-01
   42   -1.31667E+01   1.133E+02   3.437E-01
   44   -1.26666E+01   1.183E+02   3.526E-01
   46   -1.21662E+01   1.266E+02   3.665E-01
   48   -1.16653E+01   1.414E+02   3.993E-01
   50   -1.11625E+01   1.696E+02   4.849E-01
   52   -1.06559E+01   2.300E+02   7.048E-01
   54   -1.01449E+01   3.878E+02   1.283E+00
   56   -9.63410E+00   8.547E+02   2.929E+00
   58   -9.12675E+00   2.297E+03   7.972E+00
   60   -8.61930E+00   6.751E+03   2.374E+01
   62   -8.10265E+00   2.006E+04   7.274E+01
   64   -7.55627E+00   5.613E+04   2.141E+02
   66   -6.93813E+00   1.329E+05   5.466E+02
   68   -6.20081E+00   2.369E+05   1.114E+03
   70   -5.34834E+00   3.171E+05   1.861E+03
   72   -4.35497E+00   3.629E+05   3.077E+03
   74   -3.36475E+00   3.825E+05   5.695E+03
   76   -2.28417E+00   4.037E+05   1.275E+04
  168        36   78    2    311
   36   -1.46671E+01   1.852E+02   3.216E-01
   38   -1.41671E+01   1.848E+02   3.251E-01
   40   -1.36670E+01   1.854E+02   3.312E-01
   42   -1.31670E+01   1.876E+02   3.411E-01
   44   -1.26669E+01   1.926E+02   3.550E-01
   46   -1.21668E+01   2.010E+02   3.746E-01
   48   -1.16666E+01   2.125E+02   4.050E-01
   50   -1.11663E+01   2.298E+02   4.684E-01
   52   -1.06653E+01   2.643E+02   6.234E-01
   54   -1.01627E+01   3.463E+02   1.016E+00
   56   -9.65634E+00   5.638E+02   2.070E+00
   58   -9.14526E+00   1.188E+03   5.088E+00
   60   -8.63346E+00   3.060E+03   1.419E+01
   62   -8.12337E+00   8.791E+03   4.333E+01
   64   -7.60835E+00   2.604E+04   1.372E+02
   66   -7.07055E+00   7.399E+04   4.167E+02
   68   -6.47322E+00   1.826E+05   1.135E+03
   70   -5.76854E+00   3.466E+05   2.457E+03
   72   -4.94950E+00   4.915E+05   4.314E+03
   74   -3.94953E+00   5.884E+05   7.327E+03
   76   -2.95517E+00   6.369E+05   1.376E+04
   78   -1.76317E+00   6.860E+05   3.115E+04
  170        38   80    2    333
   38   -1.41672E+01   3.078E+02   3.279E-01
   40   -1.36671E+01   3.001E+02   3.311E-01
   42   -1.31671E+01   2.979E+02   3.373E-01
   44   -1.26671E+01   2.982E+02   3.484E-01
   46   -1.21670E+01   3.010E+02   3.664E-01
   48   -1.16669E+01   3.088E+02   3.954E-01
   50   -1.11668E+01   3.250E+02   4.513E-01
   52   -1.06666E+01   3.520E+02   5.722E-01
   54   -1.01662E+01   3.991E+02   8.509E-01
   56   -9.66507E+00   5.079E+02   1.550E+00
   58   -9.16197E+00   8.068E+02   3.492E+00
   60   -8.65464E+00   1.675E+03   9.306E+00
   62   -8.14243E+00   4.246E+03   2.722E+01
   64   -7.62876E+00   1.196E+04   8.500E+01
   66   -7.11205E+00   3.500E+04   2.706E+02
   68   -6.57667E+00   9.932E+04   8.575E+02
   70   -5.98843E+00   2.477E+05   2.391E+03
   72   -5.30197E+00   4.833E+05   5.396E+03
   74   -4.50870E+00   7.068E+05   9.893E+03
   76   -3.48784E+00   8.896E+05   1.767E+04
   78   -2.47448E+00   9.807E+05   3.428E+04
   80   -5.72779E-01   1.081E+06   7.897E+04
  172        38   80    2    355
   38   -1.41687E+01   4.754E+02   3.331E-01
   40   -1.36677E+01   4.629E+02   3.360E-01
   42   -1.31673E+01   4.488E+02   3.407E-01
   44   -1.26672E+01   4.418E+02   3.490E-01
   46   -1.21671E+01   4.404E+02   3.641E-01
   48   -1.16671E+01   4.415E+02   3.889E-01
   50   -1.11670E+01   4.464E+02   4.325E-01
   52   -1.06670E+01   4.601E+02   5.249E-01
   54   -1.01668E+01   4.930E+02   7.396E-01
   56   -9.66653E+00   5.620E+02   1.257E+00
   58   -9.16592E+00   7.168E+02   2.606E+00
   60   -8.66425E+00   1.135E+03   6.531E+00
   62   -8.15980E+00   2.365E+03   1.866E+01
   64   -7.65006E+00   6.030E+03   5.743E+01
   66   -7.13493E+00   1.687E+04   1.806E+02
   68   -6.61492E+00   4.861E+04   5.946E+02
   70   -6.07759E+00   1.358E+05   1.878E+03
   72   -5.49014E+00   3.356E+05   5.297E+03
   74   -4.81091E+00   6.518E+05   1.216E+04
   76   -4.03733E+00   9.690E+05   2.295E+04
   78   -2.97413E+00   1.261E+06   4.306E+04
   80   -1.89505E+00   1.411E+06   8.657E+04
  174        38   82    2    377
   38   -1.41897E+01   5.357E+02   3.481E-01
   40   -1.36793E+01   5.443E+02   3.458E-01
   42   -1.31722E+01   5.505E+02   3.475E-01
   44   -1.26689E+01   5.566E+02   3.541E-01
   46   -1.21678E+01   5.667E+02   3.671E-01
   48   -1.16673E+01   5.811E+02   3.904E-01
   50   -1.11672E+01   5.936E+02   4.289E-01
   52   -1.06671E+01   6.028E+02   4.988E-01
   54   -1.01670E+01   6.162E+02   6.532E-01
   56   -9.66693E+00   6.497E+02   1.025E+00
   58   -9.16673E+00   7.375E+02   2.003E+00
   60   -8.66628E+00   9.604E+02   4.816E+00
   62   -8.16518E+00   1.565E+03   1.342E+01
   64   -7.66219E+00   3.348E+03   4.057E+01
   66   -7.15470E+00   8.692E+03   1.296E+02
   68   -6.63996E+00   2.435E+04   4.276E+02
   70   -6.11660E+00   6.920E+04   1.399E+03
   72   -5.57403E+00   1.893E+05   4.433E+03
   74   -4.98084E+00   4.539E+05   1.239E+04
   76   -4.30125E+00   8.549E+05   2.819E+04
   78   -3.54479E+00   1.265E+06   5.392E+04
   80   -2.40500E+00   1.686E+06   1.043E+05
   82   -1.00778E+00   1.950E+06   1.968E+05
  176        40   82    2    400
   40   -1.37019E+01   5.487E+02   3.598E-01
   42   -1.31970E+01   5.786E+02   3.625E-01
   44   -1.26878E+01   5.967E+02   3.655E-01
   46   -1.21776E+01   6.122E+02   3.736E-01
   48   -1.16713E+01   6.302E+02   3.934E-01
   50   -1.11686E+01   6.603E+02   4.338E-01
   52   -1.06676E+01   7.044E+02   4.991E-01
   54   -1.01673E+01   7.452E+02   6.212E-01
   56   -9.66712E+00   7.762E+02   8.933E-01
   58   -9.16701E+00   8.198E+02   1.590E+00
   60   -8.66684E+00   9.311E+02   3.607E+00
   62   -8.16647E+00   1.244E+03   9.948E+00
   64   -7.66557E+00   2.137E+03   3.036E+01
   66   -7.16317E+00   4.783E+03   9.764E+01
   68   -6.65684E+00   1.269E+04   3.190E+02
   70   -6.14253E+00   3.585E+04   1.079E+03
   72   -5.61581E+00   1.006E+05   3.573E+03
   74   -5.06520E+00   2.665E+05   1.115E+04
   76   -4.46100E+00   6.089E+05   3.009E+04
   78   -3.77706E+00   1.115E+06   6.612E+04
   80   -3.03911E+00   1.578E+06   1.259E+05
   82   -1.74876E+00   2.188E+06   2.237E+05
  178        40   82    2    422
   40   -1.37047E+01   3.583E+02   3.631E-01
   42   -1.32043E+01   4.565E+02   3.670E-01
   44   -1.27032E+01   5.532E+02   3.727E-01
   46   -1.22001E+01   6.119E+02   3.821E-01
   48   -1.16931E+01   6.460E+02   3.986E-01
   50   -1.11827E+01   6.750E+02   4.359E-01
   52   -1.06741E+01   7.079E+02   5.069E-01
   54   -1.01697E+01   7.579E+02   6.300E-01
   56   -9.66798E+00   8.325E+02   8.686E-01
   58   -9.16737E+00   9.106E+02   1.422E+00
   60   -8.66711E+00   9.919E+02   2.937E+00
   62   -8.16691E+00   1.152E+03   7.627E+00
   64   -7.66654E+00   1.603E+03   2.310E+01
   66   -7.16566E+00   2.940E+03   7.582E+01
   68   -6.66335E+00   6.929E+03   2.519E+02
   70   -6.15719E+00   1.888E+04   8.612E+02
   72   -5.64222E+00   5.354E+04   2.918E+03
   74   -5.11103E+00   1.478E+05   9.638E+03
   76   -4.54943E+00   3.751E+05   2.892E+04
   78   -3.93034E+00   8.226E+05   7.315E+04
   80   -3.24234E+00   1.387E+06   1.508E+05
   82   -2.52554E+00   1.938E+06   2.613E+05
  180        40   84    2    444
   40   -1.37050E+01   3.644E+02   3.660E-01
   42   -1.32050E+01   3.757E+02   3.713E-01
   44   -1.27048E+01   4.077E+02   3.776E-01
   46   -1.22045E+01   4.754E+02   3.865E-01
   48   -1.17036E+01   5.698E+02   4.020E-01
   50   -1.12012E+01   6.500E+02   4.372E-01
   52   -1.06954E+01   7.090E+02   5.083E-01
   54   -1.01856E+01   7.682E+02   6.455E-01
   56   -9.67593E+00   8.355E+02   8.990E-01
   58   -9.17048E+00   9.215E+02   1.415E+00
   60   -8.66824E+00   1.041E+03   2.703E+00
   62   -8.16740E+00   1.190E+03   6.456E+00
   64   -7.66699E+00   1.447E+03   1.850E+01
   66   -7.16653E+00   2.130E+03   5.946E+01
   68   -6.66552E+00   4.167E+03   2.008E+02
   70   -6.16291E+00   1.031E+04   6.999E+02
   72   -5.65597E+00   2.863E+04   2.403E+03
   74   -5.13868E+00   8.085E+04   8.212E+03
   76   -4.60066E+00   2.172E+05   2.625E+04
   78   -4.02473E+00   5.343E+05   7.314E+04
   80   -3.38928E+00   1.061E+06   1.664E+05
   82   -2.70099E+00   1.706E+06   2.933E+05
   84   -1.42565E+00   2.420E+06   4.259E+05
  182        42   84    2    467
   42   -1.32052E+01   4.503E+02   3.671E-01
   44   -1.27051E+01   4.511E+02   3.735E-01
   46   -1.22050E+01   4.590E+02   3.830E-01
   48   -1.17049E+01   4.834E+02   3.978E-01
   50   -1.12046E+01   5.354E+02   4.219E-01
   52   -1.07037E+01   6.198E+02   4.782E-01
   54   -1.02014E+01   7.158E+02   5.965E-01
   56   -9.69572E+00   8.208E+02   8.597E-01
   58   -9.18595E+00   9.584E+02   1.416E+00
   60   -8.67621E+00   1.116E+03   2.674E+00
   62   -8.17057E+00   1.290E+03   6.031E+00
   64   -7.66820E+00   1.526E+03   1.619E+01
   66   -7.16720E+00   1.946E+03   4.922E+01
   68   -6.66645E+00   3.018E+03   1.615E+02
   70   -6.16511E+00   6.212E+03   5.644E+02
   72   -5.66175E+00   1.583E+04   1.963E+03
   74   -5.15297E+00   4.416E+04   6.811E+03
   76   -4.63115E+00   1.226E+05   2.262E+04
   78   -4.08294E+00   3.240E+05   6.701E+04
   80   -3.48955E+00   7.274E+05   1.651E+05
   82   -2.83962E+00   1.351E+06   3.062E+05
   84   -2.15189E+00   1.835E+06   4.472E+05
  184        42   84    2    489
   42   -1.32053E+01   4.996E+02   3.674E-01
   44   -1.27053E+01   5.121E+02   3.724E-01
   46   -1.22052E+01   5.209E+02   3.798E-01
   48   -1.17052E+01   5.258E+02   3.925E-01
   50   -1.12050E+01   5.346E+02   4.135E-01
   52   -1.07049E+01   5.596E+02   4.576E-01
   54   -1.02045E+01   6.127E+02   5.463E-01
   56   -9.70348E+00   7.062E+02   7.507E-01
   58   -9.20073E+00   8.495E+02   1.240E+00
   60   -8.69433E+00   1.081E+03   2.472E+00
   62   -8.18414E+00   1.427E+03   5.743E+00
   64   -7.67492E+00   1.805E+03   1.504E+01
   66   -7.16989E+00   2.219E+03   4.363E+01
   68   -6.66768E+00   2.910E+03   1.358E+02
   70   -6.16632E+00   4.642E+03   4.540E+02
   72   -5.66432E+00   9.746E+03   1.560E+03
   74   -5.15957E+00   2.499E+04   5.405E+03
   76   -4.64748E+00   6.884E+04   1.813E+04
   78   -4.11834E+00   1.896E+05   5.538E+04
   80   -3.55597E+00   4.637E+05   1.439E+05
   82   -2.94378E+00   9.755E+05   2.859E+05
   84   -2.28214E+00   1.497E+06   4.262E+05
  186        42   86    2    511
   42   -1.32055E+01   4.812E+02   3.666E-01
   44   -1.27054E+01   5.103E+02   3.713E-01
   46   -1.22054E+01   5.324E+02   3.778E-01
   48   -1.17053E+01   5.491E+02   3.872E-01
   50   -1.12053E+01   5.626E+02   4.023E-01
   52   -1.07052E+01   5.747E+02   4.332E-01
   54   -1.02050E+01   5.920E+02   4.976E-01
   56   -9.70480E+00   6.292E+02   6.470E-01
   58   -9.20427E+00   7.076E+02   1.011E+00
   60   -8.70281E+00   8.657E+02   1.956E+00
   62   -8.19900E+00   1.185E+03   4.672E+00
   64   -7.69102E+00   1.791E+03   1.295E+01
   66   -7.18047E+00   2.629E+03   3.815E+01
   68   -6.67255E+00   3.509E+03   1.155E+02
   70   -6.16849E+00   4.731E+03   3.653E+02
   72   -5.66608E+00   7.596E+03   1.199E+03
   74   -5.16290E+00   1.587E+04   4.024E+03
   76   -4.65579E+00   4.009E+04   1.327E+04
   78   -4.13843E+00   1.099E+05   4.057E+04
   80   -3.59842E+00   2.830E+05   1.088E+05
   82   -3.01858E+00   6.553E+05   2.318E+05
   84   -2.38820E+00   1.136E+06   3.730E+05
   86   -1.70088E+00   1.741E+06   5.479E+05
  188        44   86    2    534
   44   -1.27056E+01   3.821E+02   3.706E-01
   46   -1.22055E+01   4.406E+02   3.767E-01
   48   -1.17054E+01   4.947E+02   3.856E-01
   50   -1.12054E+01   5.306E+02   3.988E-01
   52   -1.07053E+01   5.543E+02   4.195E-01
   54   -1.02053E+01   5.737E+02   4.640E-01
   56   -9.70517E+00   5.966E+02   5.621E-01
   58   -9.20499E+00   6.342E+02   8.111E-01
   60   -8.70462E+00   7.110E+02   1.468E+00
   62   -8.20371E+00   8.839E+02   3.334E+00
   64   -7.70127E+00   1.288E+03   9.095E+00
   66   -7.19544E+00   2.184E+03   2.787E+01
   68   -6.68555E+00   3.722E+03   8.867E+01
   70   -6.17568E+00   5.562E+03   2.798E+02
   72   -5.66949E+00   7.857E+03   8.821E+02
   74   -5.16553E+00   1.270E+04   2.813E+03
   76   -4.66044E+00   2.620E+04   8.936E+03
   78   -4.14957E+00   6.583E+04   2.681E+04
   80   -3.62418E+00   1.701E+05   7.262E+04
   82   -3.06975E+00   4.189E+05   1.647E+05
   84   -2.47062E+00   8.086E+05   2.933E+05
   86   -1.81211E+00   1.368E+06   4.436E+05
  190        44   86    2    556
   44   -1.27058E+01   2.578E+02   3.698E-01
   46   -1.22057E+01   2.829E+02   3.754E-01
   48   -1.17057E+01   3.160E+02   3.826E-01
   50   -1.12056E+01   3.740E+02   3.941E-01
   52   -1.07055E+01   4.447E+02   4.119E-01
   54   -1.02054E+01   4.985E+02   4.469E-01
   56   -9.70534E+00   5.332E+02   5.140E-01
   58   -9.20526E+00   5.635E+02   6.739E-01
   60   -8.70511E+00   6.090E+02   1.095E+00
   62   -8.20482E+00   6.997E+02   2.295E+00
   64   -7.70414E+00   9.063E+02   5.947E+00
   66   -7.20237E+00   1.418E+03   1.759E+01
   68   -6.69789E+00   2.656E+03   5.602E+01
   70   -6.18913E+00   5.098E+03   1.845E+02
   72   -5.67842E+00   8.483E+03   5.961E+02
   74   -5.17029E+00   1.273E+04   1.867E+03
   76   -4.66430E+00   2.099E+04   5.721E+03
   78   -4.15632E+00   4.367E+04   1.676E+04
   80   -3.63961E+00   1.050E+05   4.532E+04
   82   -3.10316E+00   2.619E+05   1.073E+05
   84   -2.53146E+00   5.477E+05   2.092E+05
   86   -1.90277E+00   1.021E+06   3.378E+05
  192        44   88    2    578
   44   -1.27060E+01   1.012E+02   3.706E-01
   46   -1.22059E+01   1.504E+02   3.744E-01
   48   -1.17058E+01   1.971E+02   3.808E-01
   50   -1.12057E+01   2.287E+02   3.920E-01
   52   -1.07057E+01   2.604E+02   4.066E-01
   54   -1.02056E+01   3.139E+02   4.314E-01
   56   -9.70551E+00   3.886E+02   4.820E-01
   58   -9.20541E+00   4.546E+02   5.934E-01
   60   -8.70532E+00   5.035E+02   8.649E-01
   62   -8.20520E+00   5.601E+02   1.594E+00
   64   -7.70494E+00   6.726E+02   3.765E+00
   66   -7.20436E+00   9.371E+02   1.064E+01
   68   -6.70286E+00   1.606E+03   3.305E+01
   70   -6.19908E+00   3.293E+03   1.076E+02
   72   -5.69114E+00   6.889E+03   3.577E+02
   74   -5.18012E+00   1.245E+04   1.164E+03
   76   -4.67031E+00   1.982E+04   3.588E+03
   78   -4.16186E+00   3.413E+04   1.040E+04
   80   -3.64949E+00   7.039E+04   2.803E+04
   82   -3.12461E+00   1.662E+05   6.790E+04
   84   -2.57423E+00   3.609E+05   1.407E+05
   86   -1.97424E+00   7.291E+05   2.440E+05
   88   -1.32043E+00   1.239E+06   3.417E+05
  194        46   88    2    601
   46   -1.22061E+01   6.464E+01   3.807E-01
   48   -1.17060E+01   8.067E+01   3.863E-01
   50   -1.12059E+01   1.127E+02   3.944E-01
   52   -1.07058E+01   1.531E+02   4.088E-01
   54   -1.02058E+01   1.866E+02   4.305E-01
   56   -9.70569E+00   2.194E+02   4.703E-01
   58   -9.20561E+00   2.722E+02   5.482E-01
   60   -8.70550E+00   3.487E+02   7.353E-01
   62   -8.20538E+00   4.249E+02   1.215E+00
   64   -7.70525E+00   5.040E+02   2.539E+00
   66   -7.20500E+00   6.469E+02   6.563E+00
   68   -6.70444E+00   9.954E+02   1.969E+01
   70   -6.20301E+00   1.899E+03   6.342E+01
   72   -5.69944E+00   4.217E+03   2.091E+02
   74   -5.19179E+00   9.329E+03   6.901E+02
   76   -4.68042E+00   1.777E+04   2.216E+03
   78   -4.16904E+00   3.000E+04   6.601E+03
   80   -3.65730E+00   5.332E+04   1.801E+04
   82   -3.13895E+00   1.118E+05   4.419E+04
   84   -2.60352E+00   2.385E+05   9.473E+04
   86   -2.02831E+00   5.047E+05   1.719E+05
   88   -1.40515E+00   9.167E+05   2.446E+05
  196        46   90    2    623
   46   -1.22061E+01   5.518E+01   3.873E-01
   48   -1.17061E+01   5.752E+01   3.936E-01
   50   -1.12061E+01   6.251E+01   4.019E-01
   52   -1.07060E+01   7.368E+01   4.150E-01
   54   -1.02060E+01   9.632E+01   4.331E-01
   56   -9.70586E+00   1.289E+02   4.661E-01
   58   -9.20577E+00   1.609E+02   5.278E-01
   60   -8.70568E+00   1.972E+02   6.614E-01
   62   -8.20559E+00   2.570E+02   9.863E-01
   64   -7.70545E+00   3.450E+02   1.853E+00
   66   -7.20528E+00   4.548E+02   4.339E+00
   68   -6.70501E+00   6.458E+02   1.210E+01
   70   -6.20440E+00   1.117E+03   3.802E+01
   72   -5.70288E+00   2.369E+03   1.260E+02
   74   -5.19913E+00   5.596E+03   4.181E+02
   76   -4.69117E+00   1.277E+04   1.364E+03
   78   -4.17916E+00   2.510E+04   4.240E+03
   80   -3.66580E+00   4.397E+04   1.201E+04
   82   -3.14989E+00   8.201E+04   2.999E+04
   84   -2.62385E+00   1.636E+05   6.549E+04
   86   -2.06796E+00   3.465E+05   1.207E+05
   88   -1.47114E+00   6.603E+05   1.736E+05
   90   -8.73391E-01   1.176E+06   2.212E+05
  198        46   90    2    646
   46   -1.22062E+01   4.507E+01   4.040E-01
   48   -1.17062E+01   5.019E+01   4.078E-01
   50   -1.12061E+01   5.339E+01   4.155E-01
   52   -1.07061E+01   5.628E+01   4.281E-01
   54   -1.02061E+01   6.142E+01   4.468E-01
   56   -9.70604E+00   7.200E+01   4.746E-01
   58   -9.20596E+00   9.216E+01   5.263E-01
   60   -8.70585E+00   1.216E+02   6.333E-01
   62   -8.20575E+00   1.553E+02   8.766E-01
   64   -7.70565E+00   2.034E+02   1.486E+00
   66   -7.20551E+00   2.888E+02   3.165E+00
   68   -6.70531E+00   4.287E+02   8.206E+00
   70   -6.20497E+00   6.927E+02   2.441E+01
   72   -5.70424E+00   1.352E+03   7.929E+01
   74   -5.20244E+00   3.125E+03   2.658E+02
   76   -4.69812E+00   7.681E+03   8.727E+02
   78   -4.18932E+00   1.767E+04   2.767E+03
   80   -3.67601E+00   3.500E+04   8.172E+03
   82   -3.16016E+00   6.233E+04   2.108E+04
   84   -2.63901E+00   1.187E+05   4.645E+04
   86   -2.09681E+00   2.416E+05   8.553E+04
   88   -1.52177E+00   4.688E+05   1.229E+05
   90   -9.45709E-01   8.587E+05   1.573E+05
  200        48   88    2    669
   48   -1.17062E+01   3.795E+01   4.429E-01
   50   -1.12062E+01   4.231E+01   4.473E-01
   52   -1.07062E+01   4.779E+01   4.558E-01
   54   -1.02061E+01   5.217E+01   4.698E-01
   56   -9.70612E+00   5.607E+01   4.965E-01
   58   -9.20609E+00   6.254E+01   5.414E-01
   60   -8.70603E+00   7.555E+01   6.288E-01
   62   -8.20594E+00   9.920E+01   8.206E-01
   64   -7.70582E+00   1.337E+02   1.275E+00
   66   -7.20569E+00   1.818E+02   2.467E+00
   68   -6.70554E+00   2.692E+02   5.929E+00
   70   -6.20529E+00   4.429E+02   1.680E+01
   72   -5.70485E+00   8.145E+02   5.294E+01
   74   -5.20390E+00   1.764E+03   1.753E+02
   76   -4.70158E+00   4.332E+03   5.807E+02
   78   -4.19628E+00   1.082E+04   1.857E+03
   80   -3.68595E+00   2.464E+04   5.599E+03
   82   -3.17087E+00   4.810E+04   1.494E+04
   84   -2.65179E+00   8.972E+04   3.341E+04
   86   -2.11839E+00   1.737E+05   6.089E+04
   88   -1.56019E+00   3.334E+05   8.714E+04
  202        48   88    2    690
   48   -1.17063E+01   3.578E+01   4.987E-01
   50   -1.12062E+01   3.769E+01   5.067E-01
   52   -1.07062E+01   3.987E+01   5.170E-01
   54   -1.02062E+01   4.330E+01   5.317E-01
   56   -9.70617E+00   4.828E+01   5.541E-01
   58   -9.20615E+00   5.331E+01   5.912E-01
   60   -8.70612E+00   5.882E+01   6.668E-01
   62   -8.20607E+00   6.889E+01   8.282E-01
   64   -7.70600E+00   8.951E+01   1.195E+00
   66   -7.20588E+00   1.260E+02   2.103E+00
   68   -6.70573E+00   1.827E+02   4.613E+00
   70   -6.20553E+00   2.860E+02   1.224E+01
   72   -5.70522E+00   5.120E+02   3.709E+01
   74   -5.20461E+00   1.047E+03   1.204E+02
   76   -4.70326E+00   2.454E+03   3.963E+02
   78   -4.20015E+00   6.229E+03   1.270E+03
   80   -3.69326E+00   1.549E+04   3.830E+03
   82   -3.18098E+00   3.411E+04   1.036E+04
   84   -2.66361E+00   6.732E+04   2.353E+04
   86   -2.13557E+00   1.280E+05   4.272E+04
   88   -1.58953E+00   2.400E+05   6.153E+04
  204        48   92    2    711
   48   -1.17063E+01   3.728E+01   5.499E-01
   50   -1.12063E+01   3.828E+01   5.709E-01
   52   -1.07063E+01   3.969E+01   5.950E-01
   54   -1.02063E+01   4.147E+01   6.219E-01
   56   -9.70623E+00   4.363E+01   6.482E-01
   58   -9.20620E+00   4.695E+01   6.895E-01
   60   -8.70617E+00   5.199E+01   7.537E-01
   62   -8.20614E+00   5.822E+01   8.902E-01
   64   -7.70610E+00   6.772E+01   1.207E+00
   66   -7.20603E+00   8.769E+01   1.957E+00
   68   -6.70591E+00   1.283E+02   3.893E+00
   70   -6.20574E+00   2.007E+02   9.506E+00
   72   -5.70548E+00   3.378E+02   2.705E+01
   74   -5.20505E+00   6.520E+02   8.489E+01
   76   -4.70416E+00   1.446E+03   2.756E+02
   78   -4.20223E+00   3.562E+03   8.723E+02
   80   -3.69780E+00   9.181E+03   2.580E+03
   82   -3.18892E+00   2.213E+04   6.856E+03
   84   -2.67431E+00   4.794E+04   1.566E+04
   86   -2.15009E+00   9.374E+04   2.878E+04
   88   -1.61249E+00   1.749E+05   4.249E+04
   90   -1.07755E+00   3.194E+05   5.465E+04
   92   -5.64008E-01   6.650E+05   6.459E+04
  206        50   92    2    734
   50   -1.12063E+01   3.902E+01   5.954E-01
   52   -1.07063E+01   4.010E+01   6.363E-01
   54   -1.02063E+01   4.152E+01   6.846E-01
   56   -9.70629E+00   4.334E+01   7.424E-01
   58   -9.20626E+00   4.555E+01   8.137E-01
   60   -8.70623E+00   4.829E+01   8.993E-01
   62   -8.20620E+00   5.250E+01   1.040E+00
   64   -7.70616E+00   5.924E+01   1.326E+00
   66   -7.20612E+00   6.992E+01   1.976E+00
   68   -6.70605E+00   9.153E+01   3.580E+00
   70   -6.20592E+00   1.393E+02   7.894E+00
   72   -5.70571E+00   2.352E+02   2.070E+01
   74   -5.20536E+00   4.292E+02   6.128E+01
   76   -4.70473E+00   8.915E+02   1.926E+02
   78   -4.20342E+00   2.097E+03   5.970E+02
   80   -3.70049E+00   5.362E+03   1.701E+03
   82   -3.19437E+00   1.357E+04   4.307E+03
   84   -2.68310E+00   3.176E+04   9.683E+03
   86   -2.16259E+00   6.685E+04   1.822E+04
   88   -1.63110E+00   1.273E+05   2.828E+04
   90   -1.10311E+00   2.314E+05   3.750E+04
   92   -5.94441E-01   4.746E+05   4.554E+04
  208        50   94    2    756
   50   -1.12064E+01   3.516E+01   5.740E-01
   52   -1.07064E+01   3.751E+01   6.300E-01
   54   -1.02064E+01   3.953E+01   6.933E-01
   56   -9.70634E+00   4.130E+01   7.730E-01
   58   -9.20632E+00   4.345E+01   8.746E-01
   60   -8.70629E+00   4.615E+01   1.014E+00
   62   -8.20626E+00   4.948E+01   1.214E+00
   64   -7.70622E+00   5.389E+01   1.533E+00
   66   -7.20618E+00   6.109E+01   2.159E+00
   68   -6.70612E+00   7.393E+01   3.545E+00
   70   -6.20604E+00   1.001E+02   7.027E+00
   72   -5.70589E+00   1.599E+02   1.676E+01
   74   -5.20562E+00   2.904E+02   4.602E+01
   76   -4.70513E+00   5.760E+02   1.365E+02
   78   -4.20417E+00   1.280E+03   4.063E+02
   80   -3.70214E+00   3.173E+03   1.108E+03
   82   -3.19790E+00   8.137E+03   2.624E+03
   84   -2.68962E+00   2.016E+04   5.652E+03
   86   -2.17298E+00   4.565E+04   1.088E+04
   88   -1.64655E+00   9.115E+04   1.796E+04
   90   -1.12337E+00   1.679E+05   2.514E+04
   92   -6.17020E-01   3.397E+05   3.168E+04
   94   -1.15230E-01   8.492E+05   4.100E+04
  210        52   94    2    779
   52   -1.07065E+01   2.932E+01   5.453E-01
   54   -1.02064E+01   3.250E+01   6.240E-01
   56   -9.70638E+00   3.563E+01   7.232E-01
   58   -9.20636E+00   3.849E+01   8.412E-01
   60   -8.70634E+00   4.118E+01   1.003E+00
   62   -8.20631E+00   4.441E+01   1.243E+00
   64   -7.70628E+00   4.872E+01   1.642E+00
   66   -7.20624E+00   5.444E+01   2.344E+00
   68   -6.70619E+00   6.312E+01   3.688E+00
   70   -6.20613E+00   7.923E+01   6.628E+00
   72   -5.70602E+00   1.134E+02   1.405E+01
   74   -5.20582E+00   1.932E+02   3.516E+01
   76   -4.70543E+00   3.780E+02   9.776E+01
   78   -4.20471E+00   8.089E+02   2.767E+02
   80   -3.70322E+00   1.922E+03   7.206E+02
   82   -3.20021E+00   4.879E+03   1.601E+03
   84   -2.69420E+00   1.246E+04   3.241E+03
   86   -2.18116E+00   2.994E+04   6.243E+03
   88   -1.65933E+00   6.351E+04   1.093E+04
   90   -1.13982E+00   1.208E+05   1.636E+04
   92   -6.34208E-01   2.435E+05   2.165E+04
   94   -1.32564E-01   5.976E+05   3.028E+04
  212        52   94    2    801
   52   -1.07066E+01   1.957E+01   4.494E-01
   54   -1.02065E+01   2.246E+01   5.024E-01
   56   -9.70649E+00   2.553E+01   5.849E-01
   58   -9.20643E+00   2.918E+01   7.079E-01
   60   -8.70639E+00   3.307E+01   8.785E-01
   62   -8.20636E+00   3.683E+01   1.115E+00
   64   -7.70634E+00   4.076E+01   1.490E+00
   66   -7.20630E+00   4.596E+01   2.181E+00
   68   -6.70625E+00   5.347E+01   3.505E+00
   70   -6.20620E+00   6.499E+01   6.117E+00
   72   -5.70611E+00   8.640E+01   1.195E+01
   74   -5.20596E+00   1.334E+02   2.698E+01
   76   -4.70567E+00   2.462E+02   6.943E+01
   78   -4.20511E+00   5.180E+02   1.873E+02
   80   -3.70398E+00   1.194E+03   4.692E+02
   82   -3.20177E+00   2.941E+03   9.990E+02
   84   -2.69738E+00   7.625E+03   1.901E+03
   86   -2.18732E+00   1.910E+04   3.563E+03
   88   -1.66970E+00   4.288E+04   6.469E+03
   90   -1.15335E+00   8.546E+04   1.034E+04
   92   -6.47749E-01   1.743E+05   1.450E+04
   94   -1.45391E-01   4.209E+05   2.123E+04
  214        52   90    2    823
   52   -1.07066E+01   9.258E+00   3.893E-01
   54   -1.02066E+01   1.242E+01   4.194E-01
   56   -9.70658E+00   1.565E+01   4.676E-01
   58   -9.20655E+00   1.881E+01   5.432E-01
   60   -8.70650E+00   2.220E+01   6.658E-01
   62   -8.20644E+00   2.632E+01   8.703E-01
   64   -7.70639E+00   3.102E+01   1.203E+00
   66   -7.20635E+00   3.603E+01   1.777E+00
   68   -6.70632E+00   4.223E+01   2.879E+00
   70   -6.20626E+00   5.170E+01   5.134E+00
   72   -5.70618E+00   6.730E+01   9.844E+00
   74   -5.20606E+00   9.714E+01   2.061E+01
   76   -4.70584E+00   1.649E+02   4.867E+01
   78   -4.20542E+00   3.316E+02   1.244E+02
   80   -3.70455E+00   7.516E+02   3.048E+02
   82   -3.20289E+00   1.815E+03   6.372E+02
   84   -2.69962E+00   4.677E+03   1.163E+03
   86   -2.19188E+00   1.199E+04   2.084E+03
   88   -1.67789E+00   2.822E+04   3.805E+03
   90   -1.16445E+00   5.918E+04   6.405E+03
  216        54   90    2    843
   54   -1.02067E+01   4.589E+00   3.711E-01
   56   -9.70667E+00   6.803E+00   3.948E-01
   58   -9.20662E+00   9.646E+00   4.356E-01
   60   -8.70659E+00   1.287E+01   5.045E-01
   62   -8.20655E+00   1.626E+01   6.238E-01
   64   -7.70650E+00   2.014E+01   8.391E-01
   66   -7.20644E+00   2.508E+01   1.259E+00
   68   -6.70638E+00   3.115E+01   2.087E+00
   70   -6.20633E+00   3.879E+01   3.790E+00
   72   -5.70625E+00   5.065E+01   7.456E+00
   74   -5.20615E+00   7.184E+01   1.553E+01
   76   -4.70597E+00   1.149E+02   3.445E+01
   78   -4.20564E+00   2.164E+02   8.217E+01
   80   -3.70497E+00   4.747E+02   1.961E+02
   82   -3.20370E+00   1.133E+03   4.117E+02
   84   -2.70123E+00   2.890E+03   7.395E+02
   86   -2.19525E+00   7.486E+03   1.271E+03
   88   -1.68423E+00   1.825E+04   2.276E+03
   90   -1.17342E+00   4.016E+04   3.947E+03
  218        54   90    2    862
   54   -1.02068E+01   1.515E+00   3.509E-01
   56   -9.70679E+00   2.274E+00   3.604E-01
   58   -9.20674E+00   3.569E+00   3.784E-01
   60   -8.70668E+00   5.542E+00   4.111E-01
   62   -8.20663E+00   8.251E+00   4.743E-01
   64   -7.70659E+00   1.159E+01   5.958E-01
   66   -7.20654E+00   1.549E+01   8.312E-01
   68   -6.70648E+00   2.044E+01   1.329E+00
   70   -6.20640E+00   2.724E+01   2.459E+00
   72   -5.70633E+00   3.671E+01   5.027E+00
   74   -5.20623E+00   5.201E+01   1.087E+01
   76   -4.70608E+00   8.142E+01   2.432E+01
   78   -4.20582E+00   1.456E+02   5.553E+01
   80   -3.70529E+00   3.040E+02   1.276E+02
   82   -3.20432E+00   7.118E+02   2.685E+02
   84   -2.70242E+00   1.802E+03   4.851E+02
   86   -2.19776E+00   4.679E+03   8.109E+02
   88   -1.68910E+00   1.168E+04   1.407E+03
   90   -1.18057E+00   2.674E+04   2.458E+03
  220        54   92    2    881
   54   -1.02069E+01   5.691E-01   3.446E-01
   56   -9.70685E+00   8.102E-01   3.485E-01
   58   -9.20683E+00   1.222E+00   3.569E-01
   60   -8.70680E+00   1.979E+00   3.713E-01
   62   -8.20675E+00   3.304E+00   3.988E-01
   64   -7.70669E+00   5.393E+00   4.559E-01
   66   -7.20663E+00   8.400E+00   5.770E-01
   68   -6.70657E+00   1.239E+01   8.453E-01
   70   -6.20651E+00   1.765E+01   1.469E+00
   72   -5.70643E+00   2.526E+01   3.055E+00
   74   -5.20632E+00   3.708E+01   7.040E+00
   76   -4.70618E+00   5.770E+01   1.649E+01
   78   -4.20596E+00   1.000E+02   3.803E+01
   80   -3.70554E+00   1.994E+02   8.538E+01
   82   -3.20478E+00   4.517E+02   1.789E+02
   84   -2.70331E+00   1.130E+03   3.259E+02
   86   -2.19965E+00   2.936E+03   5.380E+02
   88   -1.69284E+00   7.437E+03   9.057E+02
   90   -1.18619E+00   1.761E+04   1.570E+03
   92   -6.81545E-01   4.104E+04   2.645E+03
  222        56   92    2    901
   56   -9.70698E+00   3.285E-01   3.443E-01
   58   -9.20691E+00   4.754E-01   3.481E-01
   60   -8.70686E+00   7.355E-01   3.546E-01
   62   -8.20683E+00   1.232E+00   3.672E-01
   64   -7.70680E+00   2.207E+00   3.937E-01
   66   -7.20674E+00   3.942E+00   4.505E-01
   68   -6.70666E+00   6.702E+00   5.807E-01
   70   -6.20660E+00   1.080E+01   9.091E-01
   72   -5.70653E+00   1.669E+01   1.780E+00
   74   -5.20644E+00   2.573E+01   4.211E+00
   76   -4.70629E+00   4.098E+01   1.067E+01
   78   -4.20609E+00   6.998E+01   2.587E+01
   80   -3.70574E+00   1.343E+02   5.827E+01
   82   -3.20514E+00   2.923E+02   1.220E+02
   84   -2.70399E+00   7.148E+02   2.251E+02
   86   -2.20109E+00   1.850E+03   3.701E+02
   88   -1.69572E+00   4.728E+03   6.071E+02
   90   -1.19056E+00   1.150E+04   1.035E+03
   92   -6.86553E-01   2.771E+04   1.764E+03
  224        56   92    2    920
   56   -9.70716E+00   1.544E-01   3.425E-01
   58   -9.20711E+00   2.127E-01   3.449E-01
   60   -8.70702E+00   3.136E-01   3.487E-01
   62   -8.20693E+00   5.057E-01   3.546E-01
   64   -7.70687E+00   8.902E-01   3.675E-01
   66   -7.20683E+00   1.695E+00   3.949E-01
   68   -6.70678E+00   3.300E+00   4.590E-01
   70   -6.20671E+00   6.113E+00   6.188E-01
   72   -5.70662E+00   1.059E+01   1.063E+00
   74   -5.20654E+00   1.752E+01   2.416E+00
   76   -4.70641E+00   2.888E+01   6.449E+00
   78   -4.20623E+00   4.965E+01   1.703E+01
   80   -3.70593E+00   9.275E+01   4.012E+01
   82   -3.20543E+00   1.941E+02   8.466E+01
   84   -2.70452E+00   4.593E+02   1.590E+02
   86   -2.20220E+00   1.174E+03   2.635E+02
   88   -1.69795E+00   3.014E+03   4.242E+02
   90   -1.19397E+00   7.483E+03   7.086E+02
   92   -6.90572E-01   1.855E+04   1.206E+03
  226        56   94    2    939
   56   -9.70732E+00   7.629E-02   3.414E-01
   58   -9.20724E+00   1.059E-01   3.432E-01
   60   -8.70718E+00   1.558E-01   3.462E-01
   62   -8.20712E+00   2.513E-01   3.496E-01
   64   -7.70704E+00   4.377E-01   3.563E-01
   66   -7.20694E+00   8.077E-01   3.706E-01
   68   -6.70687E+00   1.575E+00   4.033E-01
   70   -6.20681E+00   3.197E+00   4.831E-01
   72   -5.70674E+00   6.314E+00   7.013E-01
   74   -5.20664E+00   1.162E+01   1.377E+00
   76   -4.70652E+00   2.028E+01   3.651E+00
   78   -4.20636E+00   3.540E+01   1.051E+01
   80   -3.70610E+00   6.537E+01   2.716E+01
   82   -3.20568E+00   1.323E+02   5.947E+01
   84   -2.70494E+00   3.016E+02   1.140E+02
   86   -2.20307E+00   7.537E+02   1.928E+02
   88   -1.69971E+00   1.931E+03   3.077E+02
   90   -1.19661E+00   4.864E+03   5.036E+02
   92   -6.93781E-01   1.234E+04   8.480E+02
   94   -1.89488E-01   3.172E+04   1.559E+03
  228        58   90    2    959
   58   -9.20741E+00   5.746E-02   3.416E-01
   60   -8.70734E+00   8.809E-02   3.443E-01
   62   -8.20726E+00   1.435E-01   3.474E-01
   64   -7.70719E+00   2.473E-01   3.518E-01
   66   -7.20712E+00   4.616E-01   3.605E-01
   68   -6.70703E+00   9.007E-01   3.790E-01
   70   -6.20692E+00   1.782E+00   4.212E-01
   72   -5.70684E+00   3.595E+00   5.306E-01
   74   -5.20675E+00   7.251E+00   8.590E-01
   76   -4.70664E+00   1.391E+01   1.989E+00
   78   -4.20648E+00   2.540E+01   5.965E+00
   80   -3.70625E+00   4.674E+01   1.735E+01
   82   -3.20591E+00   9.220E+01   4.139E+01
   84   -2.70529E+00   2.027E+02   8.248E+01
   86   -2.20377E+00   4.916E+02   1.434E+02
   88   -1.70108E+00   1.245E+03   2.298E+02
   90   -1.19868E+00   3.162E+03   3.702E+02
  230        58   92    2    976
   58   -9.20747E+00   7.352E-02   3.407E-01
   60   -8.70745E+00   6.155E-02   3.426E-01
   62   -8.20741E+00   8.728E-02   3.449E-01
   64   -7.70735E+00   1.597E-01   3.484E-01
   66   -7.20726E+00   3.000E-01   3.545E-01
   68   -6.70718E+00   5.681E-01   3.662E-01
   70   -6.20709E+00   1.128E+00   3.915E-01
   72   -5.70699E+00   2.283E+00   4.524E-01
   74   -5.20687E+00   4.575E+00   6.172E-01
   76   -4.70675E+00   9.140E+00   1.153E+00
   78   -4.20661E+00   1.785E+01   3.147E+00
   80   -3.70640E+00   3.389E+01   1.005E+01
   82   -3.20610E+00   6.563E+01   2.739E+01
   84   -2.70559E+00   1.392E+02   5.885E+01
   86   -2.20434E+00   3.266E+02   1.070E+02
   88   -1.70217E+00   8.127E+02   1.748E+02
   90   -1.20030E+00   2.066E+03   2.797E+02
   92   -6.98356E-01   5.411E+03   4.557E+02
  232        58   92    2    994
   58   -9.20751E+00   2.372E-01   3.407E-01
   60   -8.70749E+00   1.669E-01   3.416E-01
   62   -8.20747E+00   1.153E-01   3.438E-01
   64   -7.70745E+00   1.169E-01   3.462E-01
   66   -7.20741E+00   1.983E-01   3.507E-01
   68   -6.70733E+00   4.024E-01   3.596E-01
   70   -6.20724E+00   7.933E-01   3.768E-01
   72   -5.70714E+00   1.550E+00   4.147E-01
   74   -5.20704E+00   3.127E+00   5.102E-01
   76   -4.70690E+00   6.290E+00   7.835E-01
   78   -4.20675E+00   1.243E+01   1.741E+00
   80   -3.70655E+00   2.437E+01   5.393E+00
   82   -3.20628E+00   4.771E+01   1.670E+01
   84   -2.70585E+00   9.798E+01   4.043E+01
   86   -2.20481E+00   2.214E+02   7.847E+01
   88   -1.70305E+00   5.378E+02   1.335E+02
   90   -1.20159E+00   1.359E+03   2.151E+02
   92   -6.99968E-01   3.557E+03   3.474E+02
  234        60   92    2   1012
   60   -8.70753E+00   2.784E-01   3.422E-01
   62   -8.20752E+00   2.410E-01   3.435E-01
   64   -7.70750E+00   2.052E-01   3.451E-01
   66   -7.20747E+00   1.981E-01   3.481E-01
   68   -6.70744E+00   2.818E-01   3.544E-01
   70   -6.20738E+00   5.546E-01   3.677E-01
   72   -5.70729E+00   1.149E+00   3.940E-01
   74   -5.20718E+00   2.262E+00   4.549E-01
   76   -4.70707E+00   4.477E+00   6.152E-01
   78   -4.20691E+00   8.993E+00   1.109E+00
   80   -3.70671E+00   1.776E+01   2.939E+00
   82   -3.20646E+00   3.499E+01   9.495E+00
   84   -2.70608E+00   7.088E+01   2.636E+01
   86   -2.20521E+00   1.537E+02   5.619E+01
   88   -1.70377E+00   3.610E+02   1.007E+02
   90   -1.20261E+00   8.992E+02   1.667E+02
   92   -7.01269E-01   2.359E+03   2.697E+02
  236        60   94    2   1029
   60   -8.70758E+00   2.583E-01   3.420E-01
   62   -8.20756E+00   2.680E-01   3.435E-01
   64   -7.70754E+00   2.702E-01   3.451E-01
   66   -7.20752E+00   2.752E-01   3.470E-01
   68   -6.70749E+00   3.082E-01   3.515E-01
   70   -6.20746E+00   4.317E-01   3.608E-01
   72   -5.70741E+00   7.944E-01   3.797E-01
   74   -5.20733E+00   1.660E+00   4.227E-01
   76   -4.70721E+00   3.358E+00   5.267E-01
   78   -4.20707E+00   6.592E+00   8.161E-01
   80   -3.70689E+00   1.316E+01   1.783E+00
   82   -3.20664E+00   2.615E+01   5.361E+00
   84   -2.70630E+00   5.236E+01   1.631E+01
   86   -2.20555E+00   1.100E+02   3.919E+01
   88   -1.70437E+00   2.482E+02   7.523E+01
   90   -1.20345E+00   6.008E+02   1.290E+02
   92   -7.02316E-01   1.575E+03   2.121E+02
   94   -2.00289E-01   4.273E+03   3.529E+02
  238        60   94    2   1047
   60   -8.70761E+00   1.583E-01   3.425E-01
   62   -8.20760E+00   1.986E-01   3.438E-01
   64   -7.70758E+00   2.386E-01   3.459E-01
   66   -7.20756E+00   2.805E-01   3.479E-01
   68   -6.70754E+00   3.343E-01   3.510E-01
   70   -6.20751E+00   4.301E-01   3.575E-01
   72   -5.70748E+00   6.448E-01   3.712E-01
   74   -5.20743E+00   1.168E+00   4.011E-01
   76   -4.70735E+00   2.408E+00   4.738E-01
   78   -4.20722E+00   4.967E+00   6.614E-01
   80   -3.70705E+00   9.822E+00   1.223E+00
   82   -3.20684E+00   1.955E+01   3.202E+00
   84   -2.70651E+00   3.933E+01   9.894E+00
   86   -2.20586E+00   8.081E+01   2.653E+01
   88   -1.70487E+00   1.754E+02   5.576E+01
   90   -1.20412E+00   4.105E+02   1.001E+02
   92   -7.03170E-01   1.058E+03   1.686E+02
   94   -2.01452E-01   2.861E+03   2.773E+02
  240        62   94    2   1065
   62   -8.20763E+00   1.090E-01   3.441E-01
   64   -7.70762E+00   1.596E-01   3.470E-01
   66   -7.20760E+00   2.222E-01   3.496E-01
   68   -6.70758E+00   3.023E-01   3.529E-01
   70   -6.20756E+00   4.139E-01   3.581E-01
   72   -5.70753E+00   5.936E-01   3.683E-01
   74   -5.20749E+00   9.439E-01   3.899E-01
   76   -4.70744E+00   1.727E+00   4.405E-01
   78   -4.20735E+00   3.527E+00   5.688E-01
   80   -3.70721E+00   7.335E+00   9.270E-01
   82   -3.20701E+00   1.468E+01   2.085E+00
   84   -2.70673E+00   2.941E+01   6.084E+00
   86   -2.20616E+00   6.017E+01   1.752E+01
   88   -1.70531E+00   1.270E+02   4.069E+01
   90   -1.20469E+00   2.864E+02   7.812E+01
   92   -7.03872E-01   7.184E+02   1.352E+02
   94   -2.02417E-01   1.922E+03   2.207E+02
  242        62   94    2   1082
   62   -8.20766E+00   5.097E-02   3.426E-01
   64   -7.70765E+00   9.121E-02   3.460E-01
   66   -7.20763E+00   1.506E-01   3.500E-01
   68   -6.70762E+00   2.348E-01   3.546E-01
   70   -6.20759E+00   3.552E-01   3.604E-01
   72   -5.70757E+00   5.359E-01   3.699E-01
   74   -5.20754E+00   8.296E-01   3.859E-01
   76   -4.70750E+00   1.374E+00   4.221E-01
   78   -4.20744E+00   2.542E+00   5.111E-01
   80   -3.70734E+00   5.189E+00   7.522E-01
   82   -3.20717E+00   1.084E+01   1.482E+00
   84   -2.70692E+00   2.198E+01   3.911E+00
   86   -2.20643E+00   4.464E+01   1.145E+01
   88   -1.70571E+00   9.316E+01   2.913E+01
   90   -1.20517E+00   2.039E+02   6.059E+01
   92   -7.04460E-01   4.944E+02   1.090E+02
   94   -2.03222E-01   1.298E+03   1.770E+02
  244        62   96    2   1099
   62   -8.20769E+00   1.920E-02   3.409E-01
   64   -7.70768E+00   4.501E-02   3.436E-01
   66   -7.20766E+00   9.136E-02   3.480E-01
   68   -6.70765E+00   1.653E-01   3.538E-01
   70   -6.20763E+00   2.775E-01   3.616E-01
   72   -5.70761E+00   4.474E-01   3.721E-01
   74   -5.20758E+00   7.154E-01   3.879E-01
   76   -4.70755E+00   1.165E+00   4.163E-01
   78   -4.20750E+00   1.993E+00   4.796E-01
   80   -3.70742E+00   3.733E+00   6.437E-01
   82   -3.20730E+00   7.654E+00   1.125E+00
   84   -2.70710E+00   1.607E+01   2.666E+00
   86   -2.20667E+00   3.299E+01   7.571E+00
   88   -1.70605E+00   6.824E+01   2.048E+01
   90   -1.20559E+00   1.469E+02   4.620E+01
   92   -7.04961E-01   3.449E+02   8.746E+01
   94   -2.03906E-01   8.836E+02   1.419E+02
   96    2.96204E-01   2.452E+03   2.281E+02
  246        64   96    2   1117
   64   -7.70770E+00   1.538E-02   3.411E-01
   66   -7.20769E+00   4.036E-02   3.439E-01
   68   -6.70767E+00   9.420E-02   3.486E-01
   70   -6.20766E+00   1.897E-01   3.569E-01
   72   -5.70764E+00   3.417E-01   3.702E-01
   74   -5.20762E+00   5.784E-01   3.890E-01
   76   -4.70759E+00   9.617E-01   4.171E-01
   78   -4.20755E+00   1.626E+00   4.681E-01
   80   -3.70749E+00   2.869E+00   5.840E-01
   82   -3.20740E+00   5.476E+00   9.042E-01
   84   -2.70724E+00   1.135E+01   1.911E+00
   86   -2.20689E+00   2.397E+01   5.149E+00
   88   -1.70636E+00   4.988E+01   1.427E+01
   90   -1.20597E+00   1.061E+02   3.445E+01
   92   -7.05401E-01   2.431E+02   6.857E+01
   94   -2.04487E-01   6.066E+02   1.123E+02
   96    2.95605E-01   1.656E+03   1.705E+02
  248        64   96    2   1134
   64   -7.70771E+00   4.811E-03   3.395E-01
   66   -7.20770E+00   1.351E-02   3.416E-01
   68   -6.70770E+00   3.701E-02   3.438E-01
   70   -6.20768E+00   9.474E-02   3.485E-01
   72   -5.70767E+00   2.131E-01   3.591E-01
   74   -5.20765E+00   4.167E-01   3.792E-01
   76   -4.70762E+00   7.435E-01   4.105E-01
   78   -4.20759E+00   1.283E+00   4.615E-01
   80   -3.70754E+00   2.244E+00   5.567E-01
   82   -3.20747E+00   4.100E+00   7.815E-01
   84   -2.70734E+00   8.049E+00   1.446E+00
   86   -2.20706E+00   1.692E+01   3.600E+00
   88   -1.70662E+00   3.599E+01   9.964E+00
   90   -1.20628E+00   7.656E+01   2.519E+01
   92   -7.05785E-01   1.723E+02   5.221E+01
   94   -2.04991E-01   4.196E+02   8.672E+01
   96    2.95098E-01   1.124E+03   1.271E+02
  250        64   98    2   1151
   64   -7.70772E+00   1.641E-03   3.392E-01
   66   -7.20771E+00   4.570E-03   3.403E-01
   68   -6.70771E+00   1.292E-02   3.415E-01
   70   -6.20770E+00   3.597E-02   3.437E-01
   72   -5.70769E+00   9.613E-02   3.489E-01
   74   -5.20768E+00   2.344E-01   3.621E-01
   76   -4.70765E+00   4.976E-01   3.896E-01
   78   -4.20762E+00   9.418E-01   4.414E-01
   80   -3.70758E+00   1.694E+00   5.340E-01
   82   -3.20752E+00   3.078E+00   7.180E-01
   84   -2.70742E+00   5.862E+00   1.184E+00
   86   -2.20720E+00   1.192E+01   2.621E+00
   88   -1.70685E+00   2.547E+01   7.027E+00
   90   -1.20656E+00   5.491E+01   1.810E+01
   92   -7.06121E-01   1.223E+02   3.872E+01
   94   -2.05429E-01   2.918E+02   6.502E+01
   96    2.94666E-01   7.660E+02   9.369E+01
   98    7.94298E-01   2.234E+03   1.552E+02
  252        66   98    2   1169
   66   -7.20772E+00   1.740E-03   3.396E-01
   68   -6.70772E+00   4.739E-03   3.407E-01
   70   -6.20771E+00   1.334E-02   3.416E-01
   72   -5.70771E+00   3.751E-02   3.438E-01
   74   -5.20769E+00   1.022E-01   3.502E-01
   76   -4.70768E+00   2.604E-01   3.656E-01
   78   -4.20766E+00   5.903E-01   4.042E-01
   80   -3.70762E+00   1.184E+00   4.889E-01
   82   -3.20757E+00   2.230E+00   6.591E-01
   84   -2.70749E+00   4.237E+00   1.033E+00
   86   -2.20730E+00   8.457E+00   2.042E+00
   88   -1.70702E+00   1.783E+01   5.072E+00
   90   -1.20679E+00   3.887E+01   1.296E+01
   92   -7.06409E-01   8.670E+01   2.813E+01
   94   -2.05815E-01   2.035E+02   4.756E+01
   96    2.94291E-01   5.245E+02   6.819E+01
   98    7.94037E-01   1.507E+03   1.056E+02
  254        66   98    2   1186
   66   -7.20772E+00   7.654E-04   3.391E-01
   68   -6.70772E+00   2.023E-03   3.400E-01
   70   -6.20772E+00   5.437E-03   3.405E-01
   72   -5.70772E+00   1.506E-02   3.417E-01
   74   -5.20771E+00   4.225E-02   3.450E-01
   76   -4.70770E+00   1.159E-01   3.528E-01
   78   -4.20768E+00   3.014E-01   3.730E-01
   80   -3.70765E+00   7.120E-01   4.289E-01
   82   -3.20761E+00   1.499E+00   5.690E-01
   84   -2.70754E+00   2.964E+00   8.911E-01
   86   -2.20739E+00   5.932E+00   1.673E+00
   88   -1.70716E+00   1.243E+01   3.811E+00
   90   -1.20698E+00   2.715E+01   9.355E+00
   92   -7.06659E-01   6.105E+01   2.011E+01
   94   -2.06144E-01   1.422E+02   3.417E+01
   96    2.93967E-01   3.604E+02   4.909E+01
   98    7.93805E-01   1.018E+03   7.225E+01
  256        66  100    2   1203
   66   -7.20773E+00   3.529E-04   3.384E-01
   68   -6.70773E+00   9.088E-04   3.394E-01
   70   -6.20772E+00   2.455E-03   3.400E-01
   72   -5.70772E+00   6.688E-03   3.407E-01
   74   -5.20771E+00   1.833E-02   3.423E-01
   76   -4.70771E+00   5.104E-02   3.469E-01
   78   -4.20769E+00   1.404E-01   3.573E-01
   80   -3.70767E+00   3.682E-01   3.868E-01
   82   -3.20764E+00   8.885E-01   4.730E-01
   84   -2.70758E+00   1.942E+00   7.151E-01
   86   -2.20746E+00   4.034E+00   1.338E+00
   88   -1.70727E+00   8.528E+00   2.921E+00
   90   -1.20713E+00   1.874E+01   6.786E+00
   92   -7.06865E-01   4.251E+01   1.429E+01
   94   -2.06428E-01   9.912E+01   2.425E+01
   96    2.93686E-01   2.480E+02   3.504E+01
   98    7.93598E-01   6.891E+02   5.040E+01
  100    1.29355E+00   2.065E+03   1.157E+02
  258        68  100    2   1221
   68   -6.70773E+00   4.392E-04   3.387E-01
   70   -6.20773E+00   1.133E-03   3.395E-01
   72   -5.70773E+00   3.084E-03   3.399E-01
   74   -5.20772E+00   8.583E-03   3.409E-01
   76   -4.70772E+00   2.377E-02   3.439E-01
   78   -4.20770E+00   6.588E-02   3.499E-01
   80   -3.70769E+00   1.811E-01   3.664E-01
   82   -3.20767E+00   4.756E-01   4.134E-01
   84   -2.70762E+00   1.159E+00   5.561E-01
   86   -2.20752E+00   2.608E+00   9.895E-01
   88   -1.70737E+00   5.691E+00   2.152E+00
   90   -1.20725E+00   1.271E+01   4.861E+00
   92   -7.07032E-01   2.922E+01   9.994E+00
   94   -2.06669E-01   6.865E+01   1.700E+01
   96    2.93438E-01   1.709E+02   2.483E+01
   98    7.93412E-01   4.685E+02   3.540E+01
  100    1.29342E+00   1.388E+03   7.251E+01
  260        68  100    2   1238
   68   -6.70773E+00   2.269E-04   3.381E-01
   70   -6.20773E+00   5.674E-04   3.391E-01
   72   -5.70773E+00   1.493E-03   3.393E-01
   74   -5.20773E+00   4.086E-03   3.400E-01
   76   -4.70772E+00   1.151E-02   3.419E-01
   78   -4.20771E+00   3.243E-02   3.456E-01
   80   -3.70770E+00   9.019E-02   3.553E-01
   82   -3.20769E+00   2.471E-01   3.826E-01
   84   -2.70765E+00   6.485E-01   4.619E-01
   86   -2.20757E+00   1.589E+00   7.115E-01
   88   -1.70744E+00   3.666E+00   1.475E+00
   90   -1.20735E+00   8.418E+00   3.340E+00
   92   -7.07165E-01   1.978E+01   6.837E+00
   94   -2.06869E-01   4.710E+01   1.175E+01
   96    2.93230E-01   1.174E+02   1.742E+01
   98    7.93245E-01   3.188E+02   2.490E+01
  100    1.29330E+00   9.349E+02   4.644E+01
  262        68  100    2   1255
   68   -6.70773E+00   1.197E-04   3.376E-01
   70   -6.20773E+00   2.959E-04   3.384E-01
   72   -5.70773E+00   7.636E-04   3.388E-01
   74   -5.20773E+00   2.056E-03   3.392E-01
   76   -4.70772E+00   5.711E-03   3.405E-01
   78   -4.20772E+00   1.623E-02   3.431E-01
   80   -3.70771E+00   4.631E-02   3.489E-01
   82   -3.20769E+00   1.297E-01   3.655E-01
   84   -2.70767E+00   3.549E-01   4.125E-01
   86   -2.20760E+00   9.294E-01   5.517E-01
   88   -1.70750E+00   2.285E+00   9.900E-01
   90   -1.20743E+00   5.439E+00   2.189E+00
   92   -7.07278E-01   1.314E+01   4.557E+00
   94   -2.07033E-01   3.195E+01   8.000E+00
   96    2.93056E-01   8.024E+01   1.212E+01
   98    7.93096E-01   2.167E+02   1.747E+01
  100    1.29319E+00   6.296E+02   3.041E+01
  264        70  102    2   1272
   70   -6.20773E+00   2.287E-04   3.379E-01
   72   -5.70773E+00   4.716E-04   3.385E-01
   74   -5.20773E+00   1.145E-03   3.387E-01
   76   -4.70772E+00   3.035E-03   3.394E-01
   78   -4.20772E+00   8.464E-03   3.414E-01
   80   -3.70771E+00   2.416E-02   3.449E-01
   82   -3.20770E+00   6.924E-02   3.550E-01
   84   -2.70768E+00   1.951E-01   3.838E-01
   86   -2.20763E+00   5.336E-01   4.662E-01
   88   -1.70755E+00   1.391E+00   7.119E-01
   90   -1.20750E+00   3.457E+00   1.423E+00
   92   -7.07371E-01   8.570E+00   2.982E+00
   94   -2.07169E-01   2.140E+01   5.393E+00
   96    2.92909E-01   5.450E+01   8.385E+00
   98    7.92966E-01   1.471E+02   1.223E+01
  100    1.29308E+00   4.243E+02   2.027E+01
  102    1.79320E+00   1.276E+03   4.349E+01
  266        70  102    2   1289
   70   -6.20773E+00   2.138E-04   3.374E-01
   72   -5.70773E+00   3.357E-04   3.380E-01
   74   -5.20773E+00   6.795E-04   3.382E-01
   76   -4.70773E+00   1.680E-03   3.385E-01
   78   -4.20772E+00   4.581E-03   3.400E-01
   80   -3.70772E+00   1.301E-02   3.422E-01
   82   -3.20771E+00   3.751E-02   3.484E-01
   84   -2.70770E+00   1.081E-01   3.661E-01
   86   -2.20765E+00   3.058E-01   4.164E-01
   88   -1.70759E+00   8.339E-01   5.603E-01
   90   -1.20755E+00   2.173E+00   9.703E-01
   92   -7.07444E-01   5.535E+00   1.954E+00
   94   -2.07280E-01   1.415E+01   3.621E+00
   96    2.92785E-01   3.666E+01   5.778E+00
   98    7.92853E-01   9.907E+01   8.546E+00
  100    1.29298E+00   2.837E+02   1.376E+01
  102    1.79312E+00   8.481E+02   2.807E+01
  268        70  102    2   1306
   70   -6.20773E+00   3.418E-04   3.371E-01
   72   -5.70773E+00   4.688E-04   3.377E-01
   74   -5.20773E+00   6.724E-04   3.378E-01
   76   -4.70773E+00   1.197E-03   3.380E-01
   78   -4.20773E+00   2.752E-03   3.389E-01
   80   -3.70772E+00   7.385E-03   3.404E-01
   82   -3.20772E+00   2.101E-02   3.441E-01
   84   -2.70770E+00   6.086E-02   3.550E-01
   86   -2.20767E+00   1.759E-01   3.859E-01
   88   -1.70762E+00   4.967E-01   4.726E-01
   90   -1.20758E+00   1.351E+00   7.131E-01
   92   -7.07501E-01   3.558E+00   1.315E+00
   94   -2.07367E-01   9.284E+00   2.438E+00
   96    2.92686E-01   2.453E+01   3.984E+00
   98    7.92755E-01   6.690E+01   5.983E+00
  100    1.29288E+00   1.912E+02   9.475E+00
  102    1.79305E+00   5.688E+02   1.847E+01
  270        72  104    2   1323
   72   -5.70774E+00   7.015E-04   3.370E-01
   74   -5.20773E+00   1.087E-03   3.375E-01
   76   -4.70773E+00   1.558E-03   3.376E-01
   78   -4.20773E+00   2.473E-03   3.381E-01
   80   -3.70773E+00   5.033E-03   3.392E-01
   82   -3.20772E+00   1.271E-02   3.414E-01
   84   -2.70771E+00   3.555E-02   3.480E-01
   86   -2.20768E+00   1.027E-01   3.669E-01
   88   -1.70764E+00   2.961E-01   4.197E-01
   90   -1.20762E+00   8.334E-01   5.636E-01
   92   -7.07552E-01   2.273E+00   9.284E-01
   94   -2.07443E-01   6.068E+00   1.666E+00
   96    2.92601E-01   1.631E+01   2.761E+00
   98    7.92671E-01   4.497E+01   4.205E+00
  100    1.29280E+00   1.287E+02   6.610E+00
  102    1.79297E+00   3.815E+02   1.238E+01
  104    2.29318E+00   1.165E+03   2.692E+01
  272        72  104    2   1340
   72   -5.70775E+00   5.794E-04   3.365E-01
   74   -5.20774E+00   1.228E-03   3.372E-01
   76   -4.70774E+00   2.189E-03   3.373E-01
   78   -4.20773E+00   3.435E-03   3.376E-01
   80   -3.70773E+00   5.326E-03   3.384E-01
   82   -3.20772E+00   9.848E-03   3.397E-01
   84   -2.70771E+00   2.310E-02   3.437E-01
   86   -2.20769E+00   6.271E-02   3.553E-01
   88   -1.70766E+00   1.792E-01   3.877E-01
   90   -1.20764E+00   5.138E-01   4.751E-01
   92   -7.07587E-01   1.443E+00   6.967E-01
   94   -2.07499E-01   3.952E+00   1.171E+00
   96    2.92535E-01   1.080E+01   1.937E+00
   98    7.92596E-01   3.011E+01   2.986E+00
  100    1.29272E+00   8.650E+01   4.685E+00
  102    1.79289E+00   2.559E+02   8.303E+00
  104    2.29311E+00   7.786E+02   1.827E+01
  274        72  104    2   1357
   72   -5.70775E+00   2.736E-04   3.360E-01
   74   -5.20775E+00   7.570E-04   3.367E-01
   76   -4.70775E+00   1.851E-03   3.368E-01
   78   -4.20774E+00   3.780E-03   3.372E-01
   80   -3.70773E+00   6.607E-03   3.379E-01
   82   -3.20773E+00   1.075E-02   3.388E-01
   84   -2.70772E+00   1.929E-02   3.412E-01
   86   -2.20770E+00   4.308E-02   3.483E-01
   88   -1.70767E+00   1.137E-01   3.683E-01
   90   -1.20766E+00   3.213E-01   4.220E-01
   92   -7.07613E-01   9.159E-01   5.577E-01
   94   -2.07550E-01   2.564E+00   8.603E-01
   96    2.92481E-01   7.128E+00   1.389E+00
   98    7.92536E-01   2.009E+01   2.155E+00
  100    1.29265E+00   5.799E+01   3.380E+00
  102    1.79282E+00   1.715E+02   5.883E+00
  104    2.29304E+00   5.203E+02   1.253E+01
  276        74  104    2   1374
   74   -5.20776E+00   3.290E-04   3.359E-01
   76   -4.70775E+00   9.583E-04   3.362E-01
   78   -4.20775E+00   2.567E-03   3.365E-01
   80   -3.70774E+00   5.910E-03   3.373E-01
   82   -3.20773E+00   1.147E-02   3.382E-01
   84   -2.70772E+00   2.010E-02   3.400E-01
   86   -2.20770E+00   3.678E-02   3.445E-01
   88   -1.70768E+00   8.083E-02   3.569E-01
   90   -1.20767E+00   2.101E-01   3.904E-01
   92   -7.07636E-01   5.885E-01   4.752E-01
   94   -2.07584E-01   1.664E+00   6.689E-01
   96    2.92435E-01   4.695E+00   1.031E+00
   98    7.92485E-01   1.337E+01   1.592E+00
  100    1.29259E+00   3.881E+01   2.491E+00
  102    1.79275E+00   1.149E+02   4.261E+00
  104    2.29296E+00   3.478E+02   8.721E+00
  278        74  106    2   1390
   74   -5.20776E+00   1.338E-04   3.352E-01
   76   -4.70776E+00   4.096E-04   3.356E-01
   78   -4.20775E+00   1.229E-03   3.357E-01
   80   -3.70775E+00   3.473E-03   3.367E-01
   82   -3.20774E+00   8.700E-03   3.376E-01
   84   -2.70773E+00   1.849E-02   3.391E-01
   86   -2.20771E+00   3.503E-02   3.426E-01
   88   -1.70770E+00   6.737E-02   3.509E-01
   90   -1.20768E+00   1.508E-01   3.723E-01
   92   -7.07657E-01   3.924E-01   4.264E-01
   94   -2.07614E-01   1.091E+00   5.522E-01
   96    2.92401E-01   3.093E+00   8.015E-01
   98    7.92441E-01   8.879E+00   1.213E+00
  100    1.29253E+00   2.590E+01   1.881E+00
  102    1.79269E+00   7.678E+01   3.157E+00
  104    2.29289E+00   2.321E+02   6.169E+00
  106    2.79314E+00   7.145E+02   1.300E+01
  280        76  106    2   1407
   76   -4.70776E+00   1.739E-04   3.348E-01
   78   -4.20776E+00   5.365E-04   3.350E-01
   80   -3.70775E+00   1.636E-03   3.353E-01
   82   -3.20775E+00   4.770E-03   3.364E-01
   84   -2.70774E+00   1.261E-02   3.379E-01
   86   -2.20772E+00   2.878E-02   3.409E-01
   88   -1.70771E+00   5.861E-02   3.476E-01
   90   -1.20769E+00   1.203E-01   3.627E-01
   92   -7.07670E-01   2.800E-01   3.990E-01
   94   -2.07634E-01   7.343E-01   4.829E-01
   96    2.92373E-01   2.050E+00   6.561E-01
   98    7.92408E-01   5.896E+00   9.597E-01
  100    1.29249E+00   1.727E+01   1.463E+00
  102    1.79263E+00   5.132E+01   2.391E+00
  104    2.29282E+00   1.551E+02   4.396E+00
  106    2.79306E+00   4.768E+02   9.215E+00
  282        76  106    2   1423
   76   -4.70776E+00   7.818E-05   3.342E-01
   78   -4.20776E+00   2.396E-04   3.342E-01
   80   -3.70776E+00   7.431E-04   3.343E-01
   82   -3.20775E+00   2.286E-03   3.354E-01
   84   -2.70775E+00   6.778E-03   3.363E-01
   86   -2.20774E+00   1.851E-02   3.387E-01
   88   -1.70772E+00   4.450E-02   3.445E-01
   90   -1.20770E+00   9.686E-02   3.569E-01
   92   -7.07683E-01   2.132E-01   3.838E-01
   94   -2.07653E-01   5.162E-01   4.430E-01
   96    2.92352E-01   1.382E+00   5.660E-01
   98    7.92380E-01   3.930E+00   7.924E-01
  100    1.29245E+00   1.152E+01   1.175E+00
  102    1.79258E+00   3.428E+01   1.854E+00
  104    2.29276E+00   1.036E+02   3.239E+00
  106    2.79298E+00   3.180E+02   6.401E+00
  284        76  108    2   1439
   76   -4.70776E+00   3.774E-05   3.332E-01
   78   -4.20776E+00   1.134E-04   3.334E-01
   80   -3.70776E+00   3.499E-04   3.335E-01
   82   -3.20775E+00   1.089E-03   3.339E-01
   84   -2.70775E+00   3.364E-03   3.347E-01
   86   -2.20774E+00   1.006E-02   3.364E-01
   88   -1.70773E+00   2.801E-02   3.408E-01
   90   -1.20772E+00   6.997E-02   3.514E-01
   92   -7.07698E-01   1.617E-01   3.737E-01
   94   -2.07676E-01   3.769E-01   4.195E-01
   96    2.92333E-01   9.542E-01   5.106E-01
   98    7.92357E-01   2.639E+00   6.812E-01
  100    1.29241E+00   7.687E+00   9.744E-01
  102    1.79253E+00   2.289E+01   1.473E+00
  104    2.29269E+00   6.918E+01   2.434E+00
  106    2.79290E+00   2.123E+02   4.610E+00
  108    3.29321E+00   6.578E+02   9.304E+00
  286        78  108    2   1456
   78   -4.20776E+00   5.707E-05   3.325E-01
   80   -3.70776E+00   1.739E-04   3.326E-01
   82   -3.20776E+00   5.402E-04   3.327E-01
   84   -2.70775E+00   1.686E-03   3.334E-01
   86   -2.20774E+00   5.216E-03   3.343E-01
   88   -1.70773E+00   1.566E-02   3.373E-01
   90   -1.20773E+00   4.411E-02   3.452E-01
   92   -7.07713E-01   1.135E-01   3.637E-01
   94   -2.07691E-01   2.741E-01   4.020E-01
   96    2.92319E-01   6.732E-01   4.742E-01
   98    7.92340E-01   1.795E+00   6.066E-01
  100    1.29239E+00   5.147E+00   8.323E-01
  102    1.79249E+00   1.529E+01   1.200E+00
  104    2.29263E+00   4.622E+01   1.866E+00
  106    2.79282E+00   1.417E+02   3.352E+00
  108    3.29311E+00   4.388E+02   6.586E+00
  288        78  108    2   1472
   78   -4.20776E+00   3.030E-05   3.316E-01
   80   -3.70776E+00   9.108E-05   3.316E-01
   82   -3.20776E+00   2.812E-04   3.317E-01
   84   -2.70775E+00   8.787E-04   3.322E-01
   86   -2.20774E+00   2.748E-03   3.327E-01
   88   -1.70774E+00   8.503E-03   3.345E-01
   90   -1.20774E+00   2.557E-02   3.397E-01
   92   -7.07722E-01   7.258E-02   3.533E-01
   94   -2.07704E-01   1.898E-01   3.844E-01
   96    2.92305E-01   4.748E-01   4.446E-01
   98    7.92322E-01   1.235E+00   5.511E-01
  100    1.29236E+00   3.464E+00   7.275E-01
  102    1.79245E+00   1.022E+01   1.000E+00
  104    2.29258E+00   3.087E+01   1.464E+00
  106    2.79274E+00   9.462E+01   2.469E+00
  108    3.29301E+00   2.929E+02   4.711E+00
  290        78  108    2   1488
   78   -4.20776E+00   1.680E-05   3.305E-01
   80   -3.70776E+00   4.991E-05   3.305E-01
   82   -3.20776E+00   1.532E-04   3.306E-01
   84   -2.70775E+00   4.778E-04   3.309E-01
   86   -2.20775E+00   1.498E-03   3.313E-01
   88   -1.70774E+00   4.690E-03   3.323E-01
   90   -1.20774E+00   1.451E-02   3.355E-01
   92   -7.07730E-01   4.363E-02   3.444E-01
   94   -2.07718E-01   1.235E-01   3.670E-01
   96    2.92291E-01   3.261E-01   4.154E-01
   98    7.92309E-01   8.517E-01   5.030E-01
  100    1.29235E+00   2.344E+00   6.439E-01
  102    1.79242E+00   6.845E+00   8.497E-01
  104    2.29254E+00   2.062E+01   1.175E+00
  106    2.79268E+00   6.317E+01   1.855E+00
  108    3.29289E+00   1.956E+02   3.372E+00
  292        80  110    2   1504
   80   -3.70776E+00   2.839E-05   3.295E-01
   82   -3.20776E+00   8.672E-05   3.296E-01
   84   -2.70776E+00   2.699E-04   3.297E-01
   86   -2.20775E+00   8.471E-04   3.299E-01
   88   -1.70774E+00   2.662E-03   3.305E-01
   90   -1.20774E+00   8.335E-03   3.324E-01
   92   -7.07732E-01   2.576E-02   3.378E-01
   94   -2.07726E-01   7.681E-02   3.526E-01
   96    2.92279E-01   2.157E-01   3.879E-01
   98    7.92293E-01   5.805E-01   4.576E-01
  100    1.29232E+00   1.591E+00   5.712E-01
  102    1.79239E+00   4.592E+00   7.313E-01
  104    2.29249E+00   1.378E+01   9.634E-01
  106    2.79261E+00   4.217E+01   1.425E+00
  108    3.29280E+00   1.306E+02   2.460E+00
  110    3.79311E+00   4.064E+02   4.933E+00
  294        80  110    2   1520
   80   -3.70776E+00   1.665E-05   3.282E-01
   82   -3.20776E+00   5.070E-05   3.282E-01
   84   -2.70776E+00   1.575E-04   3.283E-01
   86   -2.20775E+00   4.944E-04   3.285E-01
   88   -1.70774E+00   1.556E-03   3.288E-01
   90   -1.20775E+00   4.896E-03   3.299E-01
   92   -7.07741E-01   1.531E-02   3.332E-01
   94   -2.07733E-01   4.696E-02   3.423E-01
   96    2.92273E-01   1.382E-01   3.657E-01
   98    7.92283E-01   3.879E-01   4.170E-01
  100    1.29231E+00   1.076E+00   5.063E-01
  102    1.79237E+00   3.085E+00   6.344E-01
  104    2.29246E+00   9.209E+00   8.060E-01
  106    2.79256E+00   2.814E+01   1.123E+00
  108    3.29271E+00   8.711E+01   1.829E+00
  110    3.79304E+00   2.710E+02   3.509E+00
  296        80  110    2   1536
   80   -3.70776E+00   1.001E-05   3.268E-01
   82   -3.20776E+00   3.042E-05   3.269E-01
   84   -2.70776E+00   9.441E-05   3.269E-01
   86   -2.20775E+00   2.962E-04   3.270E-01
   88   -1.70775E+00   9.332E-04   3.272E-01
   90   -1.20775E+00   2.942E-03   3.279E-01
   92   -7.07742E-01   9.250E-03   3.298E-01
   94   -2.07735E-01   2.876E-02   3.353E-01
   96    2.92265E-01   8.715E-02   3.500E-01
   98    7.92275E-01   2.542E-01   3.848E-01
  100    1.29230E+00   7.214E-01   4.514E-01
  102    1.79234E+00   2.073E+00   5.527E-01
  104    2.29242E+00   6.159E+00   6.855E-01
  106    2.79251E+00   1.878E+01   9.088E-01
  108    3.29263E+00   5.812E+01   1.391E+00
  110    3.79293E+00   1.809E+02   2.548E+00
  298        82  112    2   1552
   82   -3.20776E+00   1.863E-05   3.253E-01
   84   -2.70776E+00   5.779E-05   3.253E-01
   86   -2.20775E+00   1.813E-04   3.254E-01
   88   -1.70775E+00   5.714E-04   3.255E-01
   90   -1.20775E+00   1.803E-03   3.259E-01
   92   -7.07746E-01   5.682E-03   3.271E-01
   94   -2.07740E-01   1.779E-02   3.304E-01
   96    2.92262E-01   5.483E-02   3.395E-01
   98    7.92269E-01   1.645E-01   3.619E-01
  100    1.29229E+00   4.791E-01   4.086E-01
  102    1.79233E+00   1.390E+00   4.861E-01
  104    2.29239E+00   4.119E+00   5.912E-01
  106    2.79247E+00   1.254E+01   7.541E-01
  108    3.29257E+00   3.877E+01   1.081E+00
  110    3.79281E+00   1.208E+02   1.887E+00
  112    4.29309E+00   3.766E+02   4.164E+00
  300        82  112    2   1568
   82   -3.20776E+00   1.160E-05   3.236E-01
   84   -2.70776E+00   3.598E-05   3.236E-01
   86   -2.20775E+00   1.128E-04   3.236E-01
   88   -1.70775E+00   3.558E-04   3.237E-01
   90   -1.20775E+00   1.123E-03   3.240E-01
   92   -7.07746E-01   3.544E-03   3.247E-01
   94   -2.07741E-01   1.114E-02   3.267E-01
   96    2.92256E-01   3.466E-02   3.323E-01
   98    7.92264E-01   1.059E-01   3.465E-01
  100    1.29228E+00   3.156E-01   3.779E-01
  102    1.79231E+00   9.277E-01   4.347E-01
  104    2.29237E+00   2.756E+00   5.172E-01
  106    2.79243E+00   8.370E+00   6.400E-01
  108    3.29251E+00   2.586E+01   8.674E-01
  110    3.79270E+00   8.068E+01   1.426E+00
  112    4.29308E+00   2.508E+02   2.978E+00
  302        82  112    2   1584
   82   -3.20776E+00   7.317E-06   3.217E-01
   84   -2.70776E+00   2.270E-05   3.217E-01
   86   -2.20775E+00   7.120E-05   3.217E-01
   88   -1.70775E+00   2.245E-04   3.218E-01
   90   -1.20775E+00   7.090E-04   3.219E-01
   92   -7.07747E-01   2.239E-03   3.224E-01
   94   -2.07745E-01   7.049E-03   3.236E-01
   96    2.92255E-01   2.206E-02   3.271E-01
   98    7.92257E-01   6.821E-02   3.361E-01
  100    1.29227E+00   2.068E-01   3.567E-01
  102    1.79230E+00   6.169E-01   3.969E-01
  104    2.29235E+00   1.842E+00   4.599E-01
  106    2.79240E+00   5.588E+00   5.544E-01
  108    3.29246E+00   1.725E+01   7.149E-01
  110    3.79260E+00   5.385E+01   1.099E+00
  112    4.29261E+00   1.706E+02   2.140E+00
  304        84  112    2   1600
   84   -2.70776E+00   1.446E-05   3.196E-01
   86   -2.20776E+00   4.537E-05   3.196E-01
   88   -1.70775E+00   1.431E-04   3.197E-01
   90   -1.20775E+00   4.519E-04   3.198E-01
   92   -7.07751E-01   1.428E-03   3.200E-01
   94   -2.07746E-01   4.501E-03   3.208E-01
   96    2.92253E-01   1.414E-02   3.230E-01
   98    7.92255E-01   4.404E-02   3.287E-01
  100    1.29227E+00   1.352E-01   3.422E-01
  102    1.79229E+00   4.087E-01   3.700E-01
  104    2.29233E+00   1.229E+00   4.170E-01
  106    2.79237E+00   3.731E+00   4.892E-01
  108    3.29243E+00   1.150E+01   6.048E-01
  110    3.79253E+00   3.591E+01   8.658E-01
  112    4.29257E+00   1.134E+02   1.504E+00
  306        84  114    2   1615
   84   -2.70776E+00   9.293E-06   3.173E-01
   86   -2.20776E+00   2.916E-05   3.173E-01
   88   -1.70775E+00   9.200E-05   3.174E-01
   90   -1.20776E+00   2.906E-04   3.174E-01
   92   -7.07751E-01   9.181E-04   3.176E-01
   94   -2.07750E-01   2.897E-03   3.181E-01
   96    2.92252E-01   9.119E-03   3.194E-01
   98    7.92253E-01   2.855E-02   3.231E-01
  100    1.29226E+00   8.844E-02   3.319E-01
  102    1.79228E+00   2.702E-01   3.509E-01
  104    2.29231E+00   8.187E-01   3.850E-01
  106    2.79235E+00   2.491E+00   4.393E-01
  108    3.29240E+00   7.672E+00   5.239E-01
  110    3.79248E+00   2.394E+01   6.994E-01
  112    4.29255E+00   7.540E+01   1.087E+00
  114    4.79250E+00   2.378E+02   2.651E+00
  308        84  114    2   1631
   84   -2.70776E+00   6.010E-06   3.148E-01
   86   -2.20776E+00   1.887E-05   3.148E-01
   88   -1.70775E+00   5.953E-05   3.148E-01
   90   -1.20776E+00   1.881E-04   3.149E-01
   92   -7.07751E-01   5.943E-04   3.150E-01
   94   -2.07750E-01   1.876E-03   3.153E-01
   96    2.92252E-01   5.915E-03   3.161E-01
   98    7.92251E-01   1.858E-02   3.185E-01
  100    1.29226E+00   5.789E-02   3.243E-01
  102    1.79227E+00   1.784E-01   3.372E-01
  104    2.29230E+00   5.447E-01   3.614E-01
  106    2.79233E+00   1.663E+00   4.014E-01
  108    3.29237E+00   5.119E+00   4.634E-01
  110    3.79244E+00   1.596E+01   5.805E-01
  112    4.29252E+00   5.018E+01   8.262E-01
  114    4.79244E+00   1.595E+02   2.010E+00
  310        86  114    2   1647
   86   -2.20776E+00   1.227E-05   3.121E-01
   88   -1.70776E+00   3.871E-05   3.121E-01
   90   -1.20776E+00   1.223E-04   3.121E-01
   92   -7.07751E-01   3.866E-04   3.122E-01
   94   -2.07750E-01   1.221E-03   3.124E-01
   96    2.92251E-01   3.853E-03   3.129E-01
   98    7.92250E-01   1.213E-02   3.144E-01
  100    1.29226E+00   3.795E-02   3.182E-01
  102    1.79227E+00   1.177E-01   3.269E-01
  104    2.29229E+00   3.615E-01   3.439E-01
  106    2.79231E+00   1.107E+00   3.727E-01
  108    3.29235E+00   3.415E+00   4.176E-01
  110    3.79241E+00   1.064E+01   4.951E-01
  112    4.29249E+00   3.342E+01   6.596E-01
  114    4.79242E+00   1.063E+02   1.500E+00
  312        86  116    2   1662
   86   -2.20776E+00   8.010E-06   3.090E-01
   88   -1.70776E+00   2.528E-05   3.090E-01
   90   -1.20776E+00   7.988E-05   3.090E-01
   92   -7.07751E-01   2.525E-04   3.091E-01
   94   -2.07751E-01   7.976E-04   3.092E-01
   96    2.92247E-01   2.518E-03   3.096E-01
   98    7.92249E-01   7.938E-03   3.105E-01
  100    1.29225E+00   2.492E-02   3.130E-01
  102    1.79226E+00   7.767E-02   3.188E-01
  104    2.29228E+00   2.400E-01   3.306E-01
  106    2.79230E+00   7.383E-01   3.510E-01
  108    3.29233E+00   2.280E+00   3.826E-01
  110    3.79238E+00   7.094E+00   4.330E-01
  112    4.29246E+00   2.225E+01   5.447E-01
  114    4.79241E+00   7.073E+01   1.108E+00
  116    5.29233E+00   2.246E+02   2.156E+00
  314        86  116    2   1678
   86   -2.20776E+00   5.247E-06   3.057E-01
   88   -1.70776E+00   1.657E-05   3.057E-01
   90   -1.20776E+00   5.235E-05   3.057E-01
   92   -7.07752E-01   1.655E-04   3.057E-01
   94   -2.07751E-01   5.229E-04   3.058E-01
   96    2.92246E-01   1.652E-03   3.060E-01
   98    7.92248E-01   5.211E-03   3.067E-01
  100    1.29225E+00   1.639E-02   3.083E-01
  102    1.79226E+00   5.128E-02   3.121E-01
  104    2.29227E+00   1.593E-01   3.202E-01
  106    2.79229E+00   4.919E-01   3.345E-01
  108    3.29231E+00   1.522E+00   3.558E-01
  110    3.79236E+00   4.733E+00   3.877E-01
  112    4.29243E+00   1.483E+01   4.600E-01
  114    4.79239E+00   4.712E+01   8.041E-01
  116    5.29233E+00   1.496E+02   1.675E+00
  316        88  116    2   1694
   88   -1.70776E+00   1.088E-05   3.020E-01
   90   -1.20776E+00   3.439E-05   3.020E-01
   92   -7.07755E-01   1.087E-04   3.020E-01
   94   -2.07751E-01   3.436E-04   3.021E-01
   96    2.92246E-01   1.086E-03   3.022E-01
   98    7.92248E-01   3.428E-03   3.026E-01
  100    1.29225E+00   1.080E-02   3.037E-01
  102    1.79226E+00   3.388E-02   3.062E-01
  104    2.29227E+00   1.056E-01   3.116E-01
  106    2.79228E+00   3.275E-01   3.212E-01
  108    3.29230E+00   1.016E+00   3.350E-01
  110    3.79234E+00   3.159E+00   3.537E-01
  112    4.29241E+00   9.887E+00   3.962E-01
  114    4.79237E+00   3.134E+01   5.686E-01
  116    5.29232E+00   9.949E+01   1.310E+00
  318        88  116    2   1709
   88   -1.70776E+00   7.165E-06   2.979E-01
   90   -1.20776E+00   2.265E-05   2.979E-01
   92   -7.07755E-01   7.159E-05   2.979E-01
   94   -2.07755E-01   2.263E-04   2.979E-01
   96    2.92246E-01   7.152E-04   2.980E-01
   98    7.92247E-01   2.259E-03   2.983E-01
  100    1.29225E+00   7.125E-03   2.990E-01
  102    1.79226E+00   2.239E-02   3.006E-01
  104    2.29226E+00   7.005E-02   3.041E-01
  106    2.79227E+00   2.179E-01   3.104E-01
  108    3.29229E+00   6.780E-01   3.188E-01
  110    3.79232E+00   2.111E+00   3.279E-01
  112    4.29239E+00   6.591E+00   3.481E-01
  114    4.79237E+00   2.088E+01   4.122E-01
  116    5.29232E+00   6.627E+01   1.030E+00
  320        88  118    2   1724
   88   -1.70776E+00   4.727E-06   2.933E-01
   90   -1.20776E+00   1.494E-05   2.933E-01
   92   -7.07755E-01   4.723E-05   2.933E-01
   94   -2.07755E-01   1.493E-04   2.934E-01
   96    2.92246E-01   4.719E-04   2.934E-01
   98    7.92247E-01   1.491E-03   2.936E-01
  100    1.29225E+00   4.707E-03   2.940E-01
  102    1.79225E+00   1.482E-02   2.950E-01
  104    2.29226E+00   4.646E-02   2.972E-01
  106    2.79227E+00   1.450E-01   3.011E-01
  108    3.29228E+00   4.522E-01   3.058E-01
  110    3.79230E+00   1.411E+00   3.081E-01
  112    4.29237E+00   4.396E+00   3.123E-01
  114    4.79234E+00   1.396E+01   3.251E-01
  116    5.29231E+00   4.416E+01   8.138E-01
  118    5.79229E+00   1.398E+02   1.326E+00
 

