

   X= 7.060E-01, Z= 1.800E-02
   17       140  320    2
    1   9.091E-01
    2   8.950E-02
    6   2.770E-04
    7   1.677E-04
    8   6.911E-04
   10   1.096E-04
   11   1.990E-06
   12   3.544E-05
   13   2.756E-06
   14   3.307E-05
   16   1.513E-05
   18   3.092E-06
   20   2.138E-06
   24   4.356E-07
   25   2.286E-07
   26   3.017E-05
   28   1.654E-06
  140        14   52    2      1
   14   -1.64486E+01   1.370E+00   9.133E-05
   16   -1.58136E+01   1.378E+00   7.198E-05
   18   -1.52446E+01   1.381E+00   6.391E-05
   20   -1.47150E+01   1.382E+00   6.078E-05
   22   -1.42037E+01   1.383E+00   5.967E-05
   24   -1.36981E+01   1.387E+00   5.919E-05
   26   -1.31907E+01   1.397E+00   5.868E-05
   28   -1.26724E+01   1.430E+00   5.757E-05
   30   -1.21287E+01   1.521E+00   5.539E-05
   32   -1.15456E+01   1.741E+00   5.355E-05
   34   -1.09133E+01   2.129E+00   5.633E-05
   36   -1.02158E+01   2.556E+00   7.179E-05
   38   -9.46258E+00   2.884E+00   1.305E-04
   40   -8.71707E+00   3.171E+00   3.387E-04
   42   -8.02063E+00   3.612E+00   1.022E-03
   44   -7.35422E+00   4.526E+00   3.203E-03
   46   -6.68731E+00   6.357E+00   1.013E-02
   48   -5.99171E+00   9.432E+00   3.213E-02
   50   -5.22412E+00   1.363E+01   1.019E-01
   52   -4.29586E+00   1.769E+01   3.231E-01
  142        14   56    2     21
   14   -1.80275E+01   2.354E+00   2.373E-03
   16   -1.70729E+01   2.832E+00   8.899E-04
   18   -1.61679E+01   3.230E+00   3.880E-04
   20   -1.53216E+01   3.430E+00   1.993E-04
   22   -1.45407E+01   3.506E+00   1.201E-04
   24   -1.38540E+01   3.531E+00   8.734E-05
   26   -1.32584E+01   3.541E+00   7.478E-05
   28   -1.27188E+01   3.547E+00   7.065E-05
   30   -1.22029E+01   3.558E+00   7.031E-05
   32   -1.16918E+01   3.593E+00   7.340E-05
   34   -1.11715E+01   3.696E+00   8.365E-05
   36   -1.06250E+01   3.985E+00   1.115E-04
   38   -1.00362E+01   4.678E+00   1.859E-04
   40   -9.39250E+00   5.876E+00   4.076E-04
   42   -8.67823E+00   7.215E+00   1.119E-03
   44   -7.91277E+00   8.294E+00   3.413E-03
   46   -7.15696E+00   9.321E+00   1.072E-02
   48   -6.44077E+00   1.095E+01   3.400E-02
   50   -5.74524E+00   1.412E+01   1.083E-01
   52   -5.02331E+00   1.954E+01   3.452E-01
   54   -4.18989E+00   2.707E+01   1.099E+00
   56    9.99900E+00   0.000E+00   0.000E+00
  144        14   58    2     43
   14   -1.98529E+01   5.323E+00   1.505E-01
   16   -1.90503E+01   5.426E+00   7.514E-02
   18   -1.81384E+01   5.569E+00   2.929E-02
   20   -1.71735E+01   5.909E+00   1.020E-02
   22   -1.61945E+01   6.618E+00   3.513E-03
   24   -1.52260E+01   7.571E+00   1.285E-03
   26   -1.42878E+01   8.282E+00   5.282E-04
   28   -1.33934E+01   8.615E+00   2.517E-04
   30   -1.25712E+01   8.738E+00   1.450E-04
   32   -1.18610E+01   8.783E+00   1.069E-04
   34   -1.12576E+01   8.810E+00   1.023E-04
   36   -1.07148E+01   8.860E+00   1.271E-04
   38   -1.01916E+01   9.003E+00   2.076E-04
   40   -9.66032E+00   9.420E+00   4.411E-04
   42   -9.09754E+00   1.052E+01   1.160E-03
   44   -8.48559E+00   1.286E+01   3.424E-03
   46   -7.80778E+00   1.629E+01   1.057E-02
   48   -7.05679E+00   1.964E+01   3.322E-02
   50   -6.27389E+00   2.245E+01   1.057E-01
   52   -5.51114E+00   2.592E+01   3.390E-01
   54   -4.76884E+00   3.212E+01   1.087E+00
   56   -3.96307E+00   4.311E+01   3.484E+00
   58   -1.81004E+00   6.120E+01   1.177E+01
  146        14   60    2     66
   14   -2.01215E+01   5.217E+00   2.796E-01
   16   -1.96124E+01   8.531E+00   2.739E-01
   18   -1.90849E+01   1.139E+01   2.572E-01
   20   -1.85079E+01   1.294E+01   2.156E-01
   22   -1.78280E+01   1.366E+01   1.428E-01
   24   -1.70117E+01   1.410E+01   6.926E-02
   26   -1.60919E+01   1.462E+01   2.665E-02
   28   -1.51240E+01   1.561E+01   9.321E-03
   30   -1.41442E+01   1.721E+01   3.267E-03
   32   -1.31732E+01   1.873E+01   1.229E-03
   34   -1.22250E+01   1.959E+01   5.258E-04
   36   -1.13208E+01   1.995E+01   2.902E-04
   38   -1.05078E+01   2.010E+01   2.687E-04
   40   -9.82172E+00   2.021E+01   4.491E-04
   42   -9.23431E+00   2.046E+01   1.084E-03
   44   -8.68607E+00   2.115E+01   3.102E-03
   46   -8.12898E+00   2.305E+01   9.478E-03
   48   -7.53075E+00   2.745E+01   2.988E-02
   50   -6.87036E+00   3.486E+01   9.508E-02
   52   -6.13127E+00   4.326E+01   3.034E-01
   54   -5.33675E+00   5.071E+01   9.774E-01
   56   -4.53373E+00   5.944E+01   3.144E+00
   58   -3.69023E+00   7.532E+01   1.006E+01
   60    9.99900E+00   0.000E+00   0.000E+00
  148        14   60    2     90
   14   -2.01257E+01   5.247E-01   2.818E-01
   16   -1.96255E+01   1.428E+00   2.821E-01
   18   -1.91250E+01   3.449E+00   2.823E-01
   20   -1.86233E+01   7.076E+00   2.817E-01
   22   -1.81181E+01   1.294E+01   2.787E-01
   24   -1.76020E+01   2.051E+01   2.689E-01
   26   -1.70548E+01   2.676E+01   2.415E-01
   28   -1.64323E+01   3.065E+01   1.826E-01
   30   -1.56827E+01   3.329E+01   1.035E-01
   32   -1.48063E+01   3.525E+01   4.416E-02
   34   -1.38559E+01   3.726E+01   1.617E-02
   36   -1.28782E+01   3.990E+01   5.765E-03
   38   -1.18982E+01   4.238E+01   2.224E-03
   40   -1.09295E+01   4.382E+01   1.164E-03
   42   -9.99022E+00   4.446E+01   1.281E-03
   44   -9.12335E+00   4.481E+01   2.787E-03
   46   -8.37807E+00   4.533E+01   7.903E-03
   48   -7.74504E+00   4.668E+01   2.429E-02
   50   -7.15674E+00   5.038E+01   7.737E-02
   52   -6.54983E+00   5.909E+01   2.494E-01
   54   -5.88612E+00   7.439E+01   8.100E-01
   56   -5.14175E+00   9.305E+01   2.635E+00
   58   -4.32415E+00   1.122E+02   8.503E+00
   60   -3.41880E+00   1.402E+02   2.710E+01
  150        14   62    2    114
   14   -2.01258E+01   2.102E-01   2.815E-01
   16   -1.96257E+01   2.454E-01   2.818E-01
   18   -1.91257E+01   3.599E-01   2.822E-01
   20   -1.86257E+01   7.262E-01   2.827E-01
   22   -1.81255E+01   1.799E+00   2.835E-01
   24   -1.76251E+01   4.570E+00   2.843E-01
   26   -1.71236E+01   1.041E+01   2.846E-01
   28   -1.66191E+01   2.046E+01   2.827E-01
   30   -1.61051E+01   3.545E+01   2.746E-01
   32   -1.55637E+01   5.225E+01   2.504E-01
   34   -1.49539E+01   6.803E+01   1.959E-01
   36   -1.42219E+01   8.304E+01   1.169E-01
   38   -1.33589E+01   9.440E+01   5.297E-02
   40   -1.24147E+01   1.017E+02   2.093E-02
   42   -1.14382E+01   1.071E+02   8.690E-03
   44   -1.04553E+01   1.109E+02   5.561E-03
   46   -9.47940E+00   1.129E+02   8.264E-03
   48   -8.52998E+00   1.139E+02   2.052E-02
   50   -7.64889E+00   1.152E+02   5.992E-02
   52   -6.88092E+00   1.183E+02   1.872E-01
   54   -6.20910E+00   1.266E+02   6.093E-01
   56   -5.55883E+00   1.454E+02   2.034E+00
   58   -4.86424E+00   1.779E+02   6.772E+00
   60   -4.08075E+00   2.206E+02   2.195E+01
   62   -3.13817E+00   2.804E+02   6.924E+01
  152        18   64    2    139
   18   -1.91259E+01   5.779E-01   2.817E-01
   20   -1.86258E+01   5.953E-01   2.819E-01
   22   -1.81258E+01   6.505E-01   2.822E-01
   24   -1.76257E+01   8.256E-01   2.828E-01
   26   -1.71257E+01   1.380E+00   2.837E-01
   28   -1.66255E+01   3.057E+00   2.850E-01
   30   -1.61249E+01   7.628E+00   2.866E-01
   32   -1.56231E+01   1.815E+01   2.877E-01
   34   -1.51174E+01   3.807E+01   2.865E-01
   36   -1.46000E+01   7.163E+01   2.781E-01
   38   -1.40492E+01   1.218E+02   2.526E-01
   40   -1.34190E+01   1.921E+02   1.966E-01
   42   -1.26594E+01   2.710E+02   1.206E-01
   44   -1.17757E+01   3.271E+02   6.200E-02
   46   -1.08217E+01   3.557E+02   3.512E-02
   48   -9.84169E+00   3.694E+02   3.424E-02
   50   -8.85688E+00   3.759E+02   6.370E-02
   52   -7.88105E+00   3.793E+02   1.605E-01
   54   -6.93835E+00   3.829E+02   4.572E-01
   56   -6.06925E+00   3.911E+02   1.439E+00
   58   -5.29356E+00   4.119E+02   4.879E+00
   60   -4.56333E+00   4.570E+02   1.665E+01
   62   -3.79114E+00   5.351E+02   5.433E+01
   64   -2.81024E+00   6.643E+02   1.692E+02
  154        22   66    2    163
   22   -1.81281E+01   1.436E+00   2.833E-01
   24   -1.76265E+01   1.451E+00   2.826E-01
   26   -1.71260E+01   1.494E+00   2.828E-01
   28   -1.66258E+01   1.625E+00   2.835E-01
   30   -1.61257E+01   2.039E+00   2.848E-01
   32   -1.56256E+01   3.332E+00   2.869E-01
   34   -1.51253E+01   7.235E+00   2.898E-01
   36   -1.46243E+01   1.807E+01   2.937E-01
   38   -1.41211E+01   4.452E+01   2.981E-01
   40   -1.36113E+01   1.019E+02   3.026E-01
   42   -1.30817E+01   2.210E+02   3.048E-01
   44   -1.24995E+01   4.513E+02   2.946E-01
   46   -1.18105E+01   8.033E+02   2.553E-01
   48   -1.09855E+01   1.135E+03   2.037E-01
   50   -1.00603E+01   1.323E+03   1.906E-01
   52   -9.08937E+00   1.403E+03   2.643E-01
   54   -8.10403E+00   1.434E+03   5.206E-01
   56   -7.11979E+00   1.447E+03   1.259E+00
   58   -6.15348E+00   1.460E+03   3.519E+00
   60   -5.23203E+00   1.485E+03   1.134E+01
   62   -4.37286E+00   1.547E+03   3.890E+01
   64   -3.53107E+00   1.677E+03   1.277E+02
   66   -2.44869E+00   1.942E+03   3.911E+02
  156        26   68    2    186
   26   -1.71405E+01   3.515E+00   2.923E-01
   28   -1.66320E+01   3.568E+00   2.871E-01
   30   -1.61280E+01   3.634E+00   2.852E-01
   32   -1.56265E+01   3.807E+00   2.854E-01
   34   -1.51260E+01   4.340E+00   2.867E-01
   36   -1.46257E+01   6.012E+00   2.893E-01
   38   -1.41254E+01   1.121E+01   2.942E-01
   40   -1.36247E+01   2.690E+01   3.035E-01
   42   -1.31223E+01   7.162E+01   3.221E-01
   44   -1.26150E+01   1.905E+02   3.598E-01
   46   -1.20925E+01   4.916E+02   4.342E-01
   48   -1.15285E+01   1.193E+03   5.655E-01
   50   -1.08721E+01   2.462E+03   7.590E-01
   52   -1.00811E+01   3.870E+03   9.982E-01
   54   -9.17657E+00   4.764E+03   1.351E+00
   56   -8.21214E+00   5.153E+03   2.116E+00
   58   -7.22790E+00   5.297E+03   4.083E+00
   60   -6.24086E+00   5.356E+03   9.580E+00
   62   -5.26502E+00   5.405E+03   2.708E+01
   64   -4.31531E+00   5.500E+03   8.748E+01
   66   -3.37773E+00   5.725E+03   2.816E+02
   68   -2.15185E+00   6.262E+03   8.436E+02
  158        30   70    2    208
   30   -1.61572E+01   8.270E+00   3.052E-01
   32   -1.56467E+01   8.819E+00   2.986E-01
   34   -1.51360E+01   9.144E+00   2.924E-01
   36   -1.46297E+01   9.570E+00   2.899E-01
   38   -1.41271E+01   1.070E+01   2.912E-01
   40   -1.36261E+01   1.418E+01   2.964E-01
   42   -1.31256E+01   2.509E+01   3.095E-01
   44   -1.26247E+01   5.897E+01   3.399E-01
   46   -1.21224E+01   1.616E+02   4.127E-01
   48   -1.16153E+01   4.610E+02   5.821E-01
   50   -1.10936E+01   1.293E+03   9.775E-01
   52   -1.05313E+01   3.365E+03   1.902E+00
   54   -9.87843E+00   7.267E+03   3.730E+00
   56   -9.09168E+00   1.171E+04   6.312E+00
   58   -8.19042E+00   1.457E+04   9.569E+00
   60   -7.22499E+00   1.582E+04   1.538E+01
   62   -6.24039E+00   1.628E+04   2.941E+01
   64   -5.25201E+00   1.648E+04   6.969E+01
   66   -4.26964E+00   1.669E+04   1.981E+02
   68   -3.28035E+00   1.712E+04   5.921E+02
   70   -1.96076E+00   1.825E+04   1.694E+03
  160        34   72    2    229
   34   -1.51637E+01   1.636E+01   3.129E-01
   36   -1.46586E+01   1.850E+01   3.104E-01
   38   -1.41488E+01   2.012E+01   3.055E-01
   40   -1.36376E+01   2.169E+01   3.015E-01
   42   -1.31304E+01   2.505E+01   3.047E-01
   44   -1.26273E+01   3.502E+01   3.214E-01
   46   -1.21259E+01   6.622E+01   3.681E-01
   48   -1.16246E+01   1.639E+02   4.896E-01
   50   -1.11217E+01   4.658E+02   8.015E-01
   52   -1.06130E+01   1.374E+03   1.640E+00
   54   -1.00867E+01   3.955E+03   3.963E+00
   56   -9.51275E+00   1.031E+04   9.854E+00
   58   -8.83867E+00   2.154E+04   2.134E+01
   60   -8.02961E+00   3.311E+04   3.708E+01
   62   -7.10876E+00   4.004E+04   5.734E+01
   64   -6.13989E+00   4.288E+04   9.482E+01
   66   -5.15289E+00   4.397E+04   1.887E+02
   68   -4.16123E+00   4.460E+04   4.570E+02
   70   -3.15029E+00   4.558E+04   1.220E+03
   72   -1.74209E+00   4.815E+04   3.261E+03
  162        34   74    2    249
   34   -1.51666E+01   2.589E+01   3.192E-01
   36   -1.46663E+01   2.868E+01   3.199E-01
   38   -1.41655E+01   3.205E+01   3.205E-01
   40   -1.36631E+01   3.642E+01   3.211E-01
   42   -1.31573E+01   4.129E+01   3.219E-01
   44   -1.26470E+01   4.691E+01   3.267E-01
   46   -1.21361E+01   5.839E+01   3.487E-01
   48   -1.16296E+01   9.169E+01   4.209E-01
   50   -1.11265E+01   1.955E+02   6.207E-01
   52   -1.06243E+01   5.209E+02   1.172E+00
   54   -1.01197E+01   1.529E+03   2.786E+00
   56   -9.60667E+00   4.556E+03   7.584E+00
   58   -9.06814E+00   1.295E+04   2.107E+01
   60   -8.46540E+00   3.191E+04   5.340E+01
   62   -7.74528E+00   6.010E+04   1.091E+02
   64   -6.89564E+00   8.374E+04   1.812E+02
   66   -5.94400E+00   9.623E+04   2.860E+02
   68   -4.96548E+00   1.011E+05   5.024E+02
   70   -3.97262E+00   1.033E+05   1.058E+03
   72   -2.94840E+00   1.059E+05   2.533E+03
   74   -1.28124E+00   1.121E+05   6.377E+03
  164        36   74    2    270
   36   -1.46667E+01   5.277E+01   3.250E-01
   38   -1.41666E+01   5.428E+01   3.279E-01
   40   -1.36665E+01   5.777E+01   3.303E-01
   42   -1.31660E+01   6.307E+01   3.337E-01
   44   -1.26647E+01   7.058E+01   3.409E-01
   46   -1.21611E+01   8.166E+01   3.578E-01
   48   -1.16531E+01   9.959E+01   4.021E-01
   50   -1.11417E+01   1.411E+02   5.225E-01
   52   -1.06324E+01   2.622E+02   8.512E-01
   54   -1.01271E+01   6.384E+02   1.797E+00
   56   -9.62303E+00   1.813E+03   4.670E+00
   58   -9.11490E+00   5.420E+03   1.351E+01
   60   -8.59174E+00   1.596E+04   3.993E+01
   62   -8.02663E+00   4.286E+04   1.099E+02
   64   -7.37004E+00   9.324E+04   2.577E+02
   66   -6.58336E+00   1.495E+05   4.773E+02
   68   -5.69156E+00   1.856E+05   7.617E+02
   70   -4.69651E+00   2.030E+05   1.270E+03
   72   -3.70525E+00   2.104E+05   2.431E+03
   74   -2.66327E+00   2.175E+05   5.478E+03
  166        36   76    2    290
   36   -1.46670E+01   9.857E+01   3.224E-01
   38   -1.41669E+01   1.001E+02   3.281E-01
   40   -1.36668E+01   1.025E+02   3.355E-01
   42   -1.31667E+01   1.060E+02   3.434E-01
   44   -1.26666E+01   1.112E+02   3.523E-01
   46   -1.21662E+01   1.197E+02   3.661E-01
   48   -1.16652E+01   1.338E+02   3.988E-01
   50   -1.11625E+01   1.603E+02   4.841E-01
   52   -1.06559E+01   2.191E+02   7.032E-01
   54   -1.01449E+01   3.760E+02   1.279E+00
   56   -9.63410E+00   8.424E+02   2.917E+00
   58   -9.12675E+00   2.284E+03   7.937E+00
   60   -8.61930E+00   6.738E+03   2.363E+01
   62   -8.10265E+00   2.005E+04   7.245E+01
   64   -7.55626E+00   5.611E+04   2.133E+02
   66   -6.93813E+00   1.329E+05   5.451E+02
   68   -6.20079E+00   2.368E+05   1.111E+03
   70   -5.34828E+00   3.171E+05   1.854E+03
   72   -4.35485E+00   3.628E+05   3.063E+03
   74   -3.36456E+00   3.825E+05   5.664E+03
   76   -2.28387E+00   4.036E+05   1.266E+04
  168        36   78    2    311
   36   -1.46671E+01   1.704E+02   3.214E-01
   38   -1.41671E+01   1.703E+02   3.249E-01
   40   -1.36670E+01   1.710E+02   3.310E-01
   42   -1.31670E+01   1.732E+02   3.408E-01
   44   -1.26669E+01   1.782E+02   3.547E-01
   46   -1.21668E+01   1.868E+02   3.741E-01
   48   -1.16666E+01   1.986E+02   4.044E-01
   50   -1.11663E+01   2.164E+02   4.676E-01
   52   -1.06653E+01   2.503E+02   6.219E-01
   54   -1.01627E+01   3.305E+02   1.013E+00
   56   -9.65634E+00   5.460E+02   2.061E+00
   58   -9.14525E+00   1.169E+03   5.062E+00
   60   -8.63345E+00   3.040E+03   1.412E+01
   62   -8.12337E+00   8.770E+03   4.312E+01
   64   -7.60835E+00   2.602E+04   1.366E+02
   66   -7.07054E+00   7.397E+04   4.153E+02
   68   -6.47322E+00   1.826E+05   1.132E+03
   70   -5.76852E+00   3.466E+05   2.451E+03
   72   -4.94946E+00   4.915E+05   4.301E+03
   74   -3.94944E+00   5.884E+05   7.301E+03
   76   -2.95503E+00   6.369E+05   1.369E+04
   78   -1.76289E+00   6.859E+05   3.097E+04
  170        38   80    2    333
   38   -1.41672E+01   2.791E+02   3.276E-01
   40   -1.36671E+01   2.747E+02   3.308E-01
   42   -1.31671E+01   2.737E+02   3.370E-01
   44   -1.26671E+01   2.743E+02   3.481E-01
   46   -1.21670E+01   2.772E+02   3.660E-01
   48   -1.16669E+01   2.850E+02   3.948E-01
   50   -1.11668E+01   3.014E+02   4.504E-01
   52   -1.06666E+01   3.288E+02   5.709E-01
   54   -1.01662E+01   3.765E+02   8.483E-01
   56   -9.66506E+00   4.849E+02   1.543E+00
   58   -9.16196E+00   7.818E+02   3.473E+00
   60   -8.65464E+00   1.648E+03   9.249E+00
   62   -8.14242E+00   4.217E+03   2.706E+01
   64   -7.62876E+00   1.193E+04   8.456E+01
   66   -7.11205E+00   3.497E+04   2.695E+02
   68   -6.57667E+00   9.929E+04   8.548E+02
   70   -5.98843E+00   2.477E+05   2.385E+03
   72   -5.30196E+00   4.832E+05   5.386E+03
   74   -4.50868E+00   7.068E+05   9.872E+03
   76   -3.48777E+00   8.895E+05   1.761E+04
   78   -2.47437E+00   9.807E+05   3.412E+04
   80   -5.71687E-01   1.081E+06   7.886E+04
  172        38   80    2    355
   38   -1.41687E+01   4.195E+02   3.331E-01
   40   -1.36677E+01   4.128E+02   3.359E-01
   42   -1.31673E+01   4.058E+02   3.404E-01
   44   -1.26672E+01   4.040E+02   3.486E-01
   46   -1.21671E+01   4.049E+02   3.636E-01
   48   -1.16671E+01   4.070E+02   3.882E-01
   50   -1.11670E+01   4.121E+02   4.316E-01
   52   -1.06670E+01   4.259E+02   5.235E-01
   54   -1.01668E+01   4.589E+02   7.372E-01
   56   -9.66653E+00   5.283E+02   1.252E+00
   58   -9.16591E+00   6.837E+02   2.593E+00
   60   -8.66424E+00   1.101E+03   6.492E+00
   62   -8.15979E+00   2.329E+03   1.854E+01
   64   -7.65006E+00   5.992E+03   5.710E+01
   66   -7.13493E+00   1.683E+04   1.797E+02
   68   -6.61492E+00   4.857E+04   5.924E+02
   70   -6.07759E+00   1.358E+05   1.873E+03
   72   -5.49014E+00   3.356E+05   5.288E+03
   74   -4.81090E+00   6.518E+05   1.214E+04
   76   -4.03731E+00   9.689E+05   2.291E+04
   78   -2.97408E+00   1.261E+06   4.291E+04
   80   -1.89496E+00   1.411E+06   8.635E+04
  174        38   82    2    377
   38   -1.41897E+01   4.830E+02   3.484E-01
   40   -1.36793E+01   4.915E+02   3.461E-01
   42   -1.31722E+01   4.983E+02   3.477E-01
   44   -1.26689E+01   5.060E+02   3.542E-01
   46   -1.21677E+01   5.185E+02   3.670E-01
   48   -1.16673E+01   5.354E+02   3.899E-01
   50   -1.11672E+01   5.494E+02   4.281E-01
   52   -1.06671E+01   5.592E+02   4.975E-01
   54   -1.01670E+01   5.727E+02   6.509E-01
   56   -9.66693E+00   6.063E+02   1.020E+00
   58   -9.16673E+00   6.942E+02   1.992E+00
   60   -8.66628E+00   9.174E+02   4.789E+00
   62   -8.16517E+00   1.522E+03   1.334E+01
   64   -7.66218E+00   3.303E+03   4.034E+01
   66   -7.15469E+00   8.644E+03   1.289E+02
   68   -6.63996E+00   2.430E+04   4.259E+02
   70   -6.11659E+00   6.915E+04   1.394E+03
   72   -5.57402E+00   1.892E+05   4.425E+03
   74   -4.98084E+00   4.539E+05   1.237E+04
   76   -4.30124E+00   8.548E+05   2.815E+04
   78   -3.54477E+00   1.265E+06   5.381E+04
   80   -2.40496E+00   1.686E+06   1.041E+05
   82   -1.00762E+00   1.950E+06   1.967E+05
  176        40   82    2    400
   40   -1.37019E+01   5.172E+02   3.604E-01
   42   -1.31970E+01   5.425E+02   3.631E-01
   44   -1.26878E+01   5.588E+02   3.661E-01
   46   -1.21776E+01   5.735E+02   3.742E-01
   48   -1.16713E+01   5.906E+02   3.937E-01
   50   -1.11686E+01   6.189E+02   4.336E-01
   52   -1.06676E+01   6.603E+02   4.982E-01
   54   -1.01673E+01   6.988E+02   6.192E-01
   56   -9.66711E+00   7.285E+02   8.897E-01
   58   -9.16701E+00   7.716E+02   1.582E+00
   60   -8.66684E+00   8.826E+02   3.588E+00
   62   -8.16646E+00   1.195E+03   9.897E+00
   64   -7.66556E+00   2.088E+03   3.021E+01
   66   -7.16316E+00   4.731E+03   9.715E+01
   68   -6.65683E+00   1.264E+04   3.175E+02
   70   -6.14252E+00   3.579E+04   1.075E+03
   72   -5.61580E+00   1.005E+05   3.565E+03
   74   -5.06520E+00   2.665E+05   1.113E+04
   76   -4.46099E+00   6.089E+05   3.006E+04
   78   -3.77705E+00   1.115E+06   6.603E+04
   80   -3.03909E+00   1.578E+06   1.258E+05
   82   -1.74872E+00   2.188E+06   2.234E+05
  178        40   82    2    422
   40   -1.37047E+01   3.903E+02   3.640E-01
   42   -1.32043E+01   4.705E+02   3.678E-01
   44   -1.27032E+01   5.499E+02   3.735E-01
   46   -1.22001E+01   5.988E+02   3.829E-01
   48   -1.16931E+01   6.286E+02   3.994E-01
   50   -1.11827E+01   6.555E+02   4.366E-01
   52   -1.06741E+01   6.858E+02   5.070E-01
   54   -1.01697E+01   7.308E+02   6.291E-01
   56   -9.66797E+00   7.977E+02   8.658E-01
   58   -9.16737E+00   8.688E+02   1.415E+00
   60   -8.66711E+00   9.462E+02   2.922E+00
   62   -8.16690E+00   1.105E+03   7.588E+00
   64   -7.66654E+00   1.555E+03   2.298E+01
   66   -7.16566E+00   2.891E+03   7.547E+01
   68   -6.66334E+00   6.877E+03   2.508E+02
   70   -6.15718E+00   1.882E+04   8.579E+02
   72   -5.64221E+00   5.348E+04   2.910E+03
   74   -5.11103E+00   1.477E+05   9.622E+03
   76   -4.54943E+00   3.750E+05   2.889E+04
   78   -3.93034E+00   8.226E+05   7.308E+04
   80   -3.24233E+00   1.387E+06   1.506E+05
   82   -2.52553E+00   1.938E+06   2.611E+05
  180        40   84    2    444
   40   -1.37050E+01   4.208E+02   3.667E-01
   42   -1.32049E+01   4.312E+02   3.723E-01
   44   -1.27048E+01   4.586E+02   3.786E-01
   46   -1.22045E+01   5.149E+02   3.876E-01
   48   -1.17036E+01   5.931E+02   4.030E-01
   50   -1.12012E+01   6.606E+02   4.381E-01
   52   -1.06954E+01   7.130E+02   5.090E-01
   54   -1.01855E+01   7.688E+02   6.457E-01
   56   -9.67593E+00   8.319E+02   8.977E-01
   58   -9.17047E+00   9.102E+02   1.411E+00
   60   -8.66823E+00   1.018E+03   2.690E+00
   62   -8.16740E+00   1.157E+03   6.421E+00
   64   -7.66699E+00   1.408E+03   1.840E+01
   66   -7.16653E+00   2.089E+03   5.917E+01
   68   -6.66552E+00   4.124E+03   2.000E+02
   70   -6.16290E+00   1.027E+04   6.972E+02
   72   -5.65596E+00   2.857E+04   2.395E+03
   74   -5.13867E+00   8.078E+04   8.195E+03
   76   -4.60065E+00   2.171E+05   2.622E+04
   78   -4.02472E+00   5.342E+05   7.309E+04
   80   -3.38928E+00   1.061E+06   1.662E+05
   82   -2.70099E+00   1.706E+06   2.931E+05
   84   -1.42562E+00   2.420E+06   4.257E+05
  182        42   84    2    467
   42   -1.32052E+01   4.995E+02   3.674E-01
   44   -1.27051E+01   5.024E+02   3.739E-01
   46   -1.22050E+01   5.136E+02   3.837E-01
   48   -1.17048E+01   5.398E+02   3.988E-01
   50   -1.12045E+01   5.875E+02   4.230E-01
   52   -1.07037E+01   6.603E+02   4.792E-01
   54   -1.02014E+01   7.444E+02   5.973E-01
   56   -9.69572E+00   8.422E+02   8.601E-01
   58   -9.18595E+00   9.755E+02   1.415E+00
   60   -8.67620E+00   1.127E+03   2.671E+00
   62   -8.17056E+00   1.291E+03   6.016E+00
   64   -7.66819E+00   1.513E+03   1.613E+01
   66   -7.16720E+00   1.922E+03   4.900E+01
   68   -6.66645E+00   2.988E+03   1.608E+02
   70   -6.16511E+00   6.178E+03   5.622E+02
   72   -5.66175E+00   1.579E+04   1.957E+03
   74   -5.15296E+00   4.411E+04   6.795E+03
   76   -4.63114E+00   1.225E+05   2.259E+04
   78   -4.08294E+00   3.239E+05   6.696E+04
   80   -3.48955E+00   7.273E+05   1.650E+05
   82   -2.83962E+00   1.351E+06   3.062E+05
   84   -2.15189E+00   1.834E+06   4.471E+05
  184        42   84    2    489
   42   -1.32053E+01   5.305E+02   3.674E-01
   44   -1.27053E+01   5.486E+02   3.724E-01
   46   -1.22052E+01   5.600E+02   3.799E-01
   48   -1.17052E+01   5.677E+02   3.927E-01
   50   -1.12050E+01   5.812E+02   4.140E-01
   52   -1.07048E+01   6.122E+02   4.585E-01
   54   -1.02045E+01   6.665E+02   5.474E-01
   56   -9.70346E+00   7.534E+02   7.518E-01
   58   -9.20072E+00   8.875E+02   1.242E+00
   60   -8.69432E+00   1.113E+03   2.472E+00
   62   -8.18414E+00   1.454E+03   5.741E+00
   64   -7.67491E+00   1.826E+03   1.502E+01
   66   -7.16988E+00   2.226E+03   4.353E+01
   68   -6.66767E+00   2.902E+03   1.353E+02
   70   -6.16632E+00   4.625E+03   4.523E+02
   72   -5.66432E+00   9.723E+03   1.556E+03
   74   -5.15956E+00   2.496E+04   5.394E+03
   76   -4.64747E+00   6.880E+04   1.811E+04
   78   -4.11834E+00   1.895E+05   5.534E+04
   80   -3.55597E+00   4.636E+05   1.438E+05
   82   -2.94378E+00   9.754E+05   2.858E+05
   84   -2.28214E+00   1.497E+06   4.261E+05
  186        42   86    2    511
   42   -1.32055E+01   4.778E+02   3.664E-01
   44   -1.27054E+01   5.151E+02   3.712E-01
   46   -1.22054E+01   5.483E+02   3.777E-01
   48   -1.17053E+01   5.732E+02   3.871E-01
   50   -1.12053E+01   5.910E+02   4.022E-01
   52   -1.07052E+01   6.066E+02   4.333E-01
   54   -1.02050E+01   6.292E+02   4.980E-01
   56   -9.70479E+00   6.741E+02   6.480E-01
   58   -9.20425E+00   7.568E+02   1.013E+00
   60   -8.70280E+00   9.115E+02   1.960E+00
   62   -8.19899E+00   1.225E+03   4.681E+00
   64   -7.69102E+00   1.826E+03   1.297E+01
   66   -7.18047E+00   2.660E+03   3.819E+01
   68   -6.67255E+00   3.531E+03   1.154E+02
   70   -6.16848E+00   4.739E+03   3.645E+02
   72   -5.66607E+00   7.591E+03   1.196E+03
   74   -5.16290E+00   1.586E+04   4.019E+03
   76   -4.65578E+00   4.007E+04   1.326E+04
   78   -4.13842E+00   1.098E+05   4.057E+04
   80   -3.59841E+00   2.830E+05   1.088E+05
   82   -3.01857E+00   6.553E+05   2.318E+05
   84   -2.38819E+00   1.136E+06   3.730E+05
   86   -1.70087E+00   1.741E+06   5.478E+05
  188        44   86    2    534
   44   -1.27056E+01   3.753E+02   3.704E-01
   46   -1.22056E+01   4.346E+02   3.765E-01
   48   -1.17055E+01   4.926E+02   3.854E-01
   50   -1.12054E+01   5.366E+02   3.986E-01
   52   -1.07053E+01   5.685E+02   4.193E-01
   54   -1.02053E+01   5.930E+02   4.639E-01
   56   -9.70517E+00   6.198E+02   5.623E-01
   58   -9.20498E+00   6.633E+02   8.124E-01
   60   -8.70461E+00   7.484E+02   1.473E+00
   62   -8.20370E+00   9.260E+02   3.349E+00
   64   -7.70126E+00   1.328E+03   9.137E+00
   66   -7.19544E+00   2.221E+03   2.799E+01
   68   -6.68554E+00   3.756E+03   8.895E+01
   70   -6.17567E+00   5.591E+03   2.803E+02
   72   -5.66948E+00   7.874E+03   8.825E+02
   74   -5.16553E+00   1.271E+04   2.815E+03
   76   -4.66044E+00   2.620E+04   8.947E+03
   78   -4.14957E+00   6.582E+04   2.684E+04
   80   -3.62418E+00   1.701E+05   7.265E+04
   82   -3.06975E+00   4.189E+05   1.648E+05
   84   -2.47062E+00   8.085E+05   2.933E+05
   86   -1.81210E+00   1.368E+06   4.437E+05
  190        44   86    2    556
   44   -1.27058E+01   2.526E+02   3.696E-01
   46   -1.22057E+01   2.772E+02   3.751E-01
   48   -1.17057E+01   3.101E+02   3.823E-01
   50   -1.12056E+01   3.682E+02   3.938E-01
   52   -1.07055E+01   4.407E+02   4.116E-01
   54   -1.02054E+01   4.998E+02   4.465E-01
   56   -9.70534E+00   5.411E+02   5.137E-01
   58   -9.20526E+00   5.764E+02   6.739E-01
   60   -8.70511E+00   6.262E+02   1.096E+00
   62   -8.20481E+00   7.235E+02   2.303E+00
   64   -7.70413E+00   9.379E+02   5.987E+00
   66   -7.20236E+00   1.453E+03   1.773E+01
   68   -6.69789E+00   2.689E+03   5.645E+01
   70   -6.18913E+00   5.130E+03   1.857E+02
   72   -5.67841E+00   8.514E+03   5.993E+02
   74   -5.17028E+00   1.275E+04   1.875E+03
   76   -4.66430E+00   2.100E+04   5.741E+03
   78   -4.15632E+00   4.368E+04   1.681E+04
   80   -3.63960E+00   1.050E+05   4.538E+04
   82   -3.10315E+00   2.619E+05   1.074E+05
   84   -2.53145E+00   5.476E+05   2.092E+05
   86   -1.90277E+00   1.021E+06   3.379E+05
  192        44   88    2    578
   44   -1.27060E+01   9.910E+01   3.704E-01
   46   -1.22059E+01   1.473E+02   3.741E-01
   48   -1.17058E+01   1.931E+02   3.805E-01
   50   -1.12058E+01   2.242E+02   3.917E-01
   52   -1.07057E+01   2.555E+02   4.062E-01
   54   -1.02056E+01   3.089E+02   4.309E-01
   56   -9.70553E+00   3.848E+02   4.815E-01
   58   -9.20542E+00   4.547E+02   5.929E-01
   60   -8.70533E+00   5.088E+02   8.650E-01
   62   -8.20520E+00   5.699E+02   1.597E+00
   64   -7.70494E+00   6.871E+02   3.780E+00
   66   -7.20435E+00   9.585E+02   1.072E+01
   68   -6.70286E+00   1.633E+03   3.337E+01
   70   -6.19907E+00   3.321E+03   1.088E+02
   72   -5.69114E+00   6.917E+03   3.612E+02
   74   -5.18011E+00   1.247E+04   1.174E+03
   76   -4.67031E+00   1.985E+04   3.614E+03
   78   -4.16186E+00   3.415E+04   1.046E+04
   80   -3.64948E+00   7.040E+04   2.812E+04
   82   -3.12460E+00   1.662E+05   6.799E+04
   84   -2.57423E+00   3.609E+05   1.408E+05
   86   -1.97423E+00   7.291E+05   2.441E+05
   88   -1.32042E+00   1.239E+06   3.418E+05
  194        46   88    2    601
   46   -1.22061E+01   6.330E+01   3.803E-01
   48   -1.17060E+01   7.901E+01   3.859E-01
   50   -1.12060E+01   1.104E+02   3.940E-01
   52   -1.07059E+01   1.500E+02   4.083E-01
   54   -1.02058E+01   1.829E+02   4.299E-01
   56   -9.70571E+00   2.154E+02   4.696E-01
   58   -9.20563E+00   2.683E+02   5.474E-01
   60   -8.70552E+00   3.460E+02   7.346E-01
   62   -8.20539E+00   4.257E+02   1.216E+00
   64   -7.70525E+00   5.094E+02   2.545E+00
   66   -7.20500E+00   6.566E+02   6.597E+00
   68   -6.70443E+00   1.010E+03   1.985E+01
   70   -6.20301E+00   1.920E+03   6.413E+01
   72   -5.69943E+00   4.240E+03   2.118E+02
   74   -5.19178E+00   9.354E+03   6.992E+02
   76   -4.68042E+00   1.779E+04   2.242E+03
   78   -4.16904E+00   3.003E+04   6.656E+03
   80   -3.65729E+00   5.335E+04   1.810E+04
   82   -3.13894E+00   1.118E+05   4.429E+04
   84   -2.60351E+00   2.385E+05   9.481E+04
   86   -2.02831E+00   5.047E+05   1.720E+05
   88   -1.40514E+00   9.167E+05   2.446E+05
  196        46   90    2    623
   46   -1.22061E+01   5.403E+01   3.869E-01
   48   -1.17061E+01   5.633E+01   3.931E-01
   50   -1.12061E+01   6.122E+01   4.014E-01
   52   -1.07060E+01   7.216E+01   4.144E-01
   54   -1.02060E+01   9.436E+01   4.324E-01
   56   -9.70588E+00   1.263E+02   4.653E-01
   58   -9.20579E+00   1.579E+02   5.268E-01
   60   -8.70571E+00   1.940E+02   6.602E-01
   62   -8.20561E+00   2.543E+02   9.853E-01
   64   -7.70547E+00   3.443E+02   1.854E+00
   66   -7.20529E+00   4.583E+02   4.355E+00
   68   -6.70502E+00   6.536E+02   1.217E+01
   70   -6.20440E+00   1.129E+03   3.835E+01
   72   -5.70288E+00   2.387E+03   1.276E+02
   74   -5.19913E+00   5.617E+03   4.242E+02
   76   -4.69117E+00   1.279E+04   1.383E+03
   78   -4.17915E+00   2.513E+04   4.290E+03
   80   -3.66579E+00   4.400E+04   1.209E+04
   82   -3.14989E+00   8.203E+04   3.009E+04
   84   -2.62384E+00   1.636E+05   6.557E+04
   86   -2.06795E+00   3.465E+05   1.208E+05
   88   -1.47113E+00   6.604E+05   1.736E+05
   90   -8.73378E-01   1.176E+06   2.212E+05
  198        46   90    2    646
   46   -1.22062E+01   4.413E+01   4.034E-01
   48   -1.17062E+01   4.915E+01   4.072E-01
   50   -1.12062E+01   5.229E+01   4.148E-01
   52   -1.07061E+01   5.512E+01   4.273E-01
   54   -1.02061E+01   6.015E+01   4.459E-01
   56   -9.70606E+00   7.054E+01   4.736E-01
   58   -9.20598E+00   9.032E+01   5.251E-01
   60   -8.70587E+00   1.193E+02   6.317E-01
   62   -8.20577E+00   1.527E+02   8.748E-01
   64   -7.70567E+00   2.011E+02   1.485E+00
   66   -7.20552E+00   2.880E+02   3.170E+00
   68   -6.70532E+00   4.317E+02   8.245E+00
   70   -6.20497E+00   7.005E+02   2.458E+01
   72   -5.70424E+00   1.364E+03   8.001E+01
   74   -5.20244E+00   3.142E+03   2.691E+02
   76   -4.69811E+00   7.702E+03   8.853E+02
   78   -4.18932E+00   1.769E+04   2.805E+03
   80   -3.67600E+00   3.503E+04   8.247E+03
   82   -3.16016E+00   6.236E+04   2.117E+04
   84   -2.63900E+00   1.187E+05   4.653E+04
   86   -2.09680E+00   2.416E+05   8.558E+04
   88   -1.52176E+00   4.688E+05   1.229E+05
   90   -9.45698E-01   8.587E+05   1.573E+05
  200        48   88    2    669
   48   -1.17062E+01   3.717E+01   4.419E-01
   50   -1.12062E+01   4.144E+01   4.463E-01
   52   -1.07062E+01   4.680E+01   4.547E-01
   54   -1.02062E+01   5.110E+01   4.686E-01
   56   -9.70614E+00   5.492E+01   4.951E-01
   58   -9.20610E+00   6.127E+01   5.399E-01
   60   -8.70605E+00   7.405E+01   6.269E-01
   62   -8.20596E+00   9.733E+01   8.181E-01
   64   -7.70584E+00   1.315E+02   1.272E+00
   66   -7.20571E+00   1.798E+02   2.465E+00
   68   -6.70556E+00   2.686E+02   5.941E+00
   70   -6.20530E+00   4.460E+02   1.690E+01
   72   -5.70486E+00   8.230E+02   5.333E+01
   74   -5.20390E+00   1.777E+03   1.770E+02
   76   -4.70158E+00   4.350E+03   5.877E+02
   78   -4.19628E+00   1.084E+04   1.881E+03
   80   -3.68595E+00   2.467E+04   5.658E+03
   82   -3.17087E+00   4.813E+04   1.502E+04
   84   -2.65179E+00   8.975E+04   3.348E+04
   86   -2.11839E+00   1.737E+05   6.094E+04
   88   -1.56019E+00   3.334E+05   8.717E+04
  202        48   88    2    690
   48   -1.17063E+01   3.504E+01   4.972E-01
   50   -1.12063E+01   3.691E+01   5.050E-01
   52   -1.07062E+01   3.905E+01   5.153E-01
   54   -1.02062E+01   4.241E+01   5.298E-01
   56   -9.70619E+00   4.729E+01   5.520E-01
   58   -9.20616E+00   5.222E+01   5.889E-01
   60   -8.70613E+00   5.763E+01   6.641E-01
   62   -8.20609E+00   6.753E+01   8.249E-01
   64   -7.70601E+00   8.785E+01   1.190E+00
   66   -7.20589E+00   1.240E+02   2.097E+00
   68   -6.70575E+00   1.808E+02   4.610E+00
   70   -6.20555E+00   2.855E+02   1.227E+01
   72   -5.70523E+00   5.154E+02   3.730E+01
   74   -5.20462E+00   1.056E+03   1.213E+02
   76   -4.70327E+00   2.469E+03   4.001E+02
   78   -4.20015E+00   6.248E+03   1.284E+03
   80   -3.69326E+00   1.551E+04   3.869E+03
   82   -3.18098E+00   3.413E+04   1.041E+04
   84   -2.66360E+00   6.735E+04   2.357E+04
   86   -2.13556E+00   1.281E+05   4.275E+04
   88   -1.58952E+00   2.401E+05   6.155E+04
  204        48   92    2    711
   48   -1.17063E+01   3.651E+01   5.479E-01
   50   -1.12063E+01   3.749E+01   5.687E-01
   52   -1.07063E+01   3.887E+01   5.925E-01
   54   -1.02063E+01   4.061E+01   6.191E-01
   56   -9.70624E+00   4.273E+01   6.450E-01
   58   -9.20622E+00   4.598E+01   6.860E-01
   60   -8.70619E+00   5.092E+01   7.498E-01
   62   -8.20616E+00   5.704E+01   8.855E-01
   64   -7.70611E+00   6.639E+01   1.201E+00
   66   -7.20605E+00   8.610E+01   1.948E+00
   68   -6.70593E+00   1.264E+02   3.880E+00
   70   -6.20576E+00   1.988E+02   9.498E+00
   72   -5.70550E+00   3.373E+02   2.711E+01
   74   -5.20506E+00   6.556E+02   8.535E+01
   76   -4.70417E+00   1.456E+03   2.778E+02
   78   -4.20223E+00   3.578E+03   8.802E+02
   80   -3.69780E+00   9.201E+03   2.602E+03
   82   -3.18892E+00   2.215E+04   6.889E+03
   84   -2.67430E+00   4.797E+04   1.568E+04
   86   -2.15009E+00   9.377E+04   2.880E+04
   88   -1.61248E+00   1.749E+05   4.251E+04
   90   -1.07755E+00   3.194E+05   5.467E+04
   92   -5.64000E-01   6.650E+05   6.460E+04
  206        50   92    2    734
   50   -1.12064E+01   3.821E+01   5.928E-01
   52   -1.07063E+01   3.927E+01   6.332E-01
   54   -1.02063E+01   4.067E+01   6.810E-01
   56   -9.70630E+00   4.244E+01   7.381E-01
   58   -9.20627E+00   4.461E+01   8.087E-01
   60   -8.70624E+00   4.729E+01   8.934E-01
   62   -8.20621E+00   5.142E+01   1.033E+00
   64   -7.70617E+00   5.804E+01   1.317E+00
   66   -7.20613E+00   6.857E+01   1.964E+00
   68   -6.70606E+00   8.993E+01   3.561E+00
   70   -6.20593E+00   1.374E+02   7.870E+00
   72   -5.70573E+00   2.331E+02   2.069E+01
   74   -5.20538E+00   4.287E+02   6.144E+01
   76   -4.70474E+00   8.953E+02   1.937E+02
   78   -4.20343E+00   2.108E+03   6.010E+02
   80   -3.70049E+00   5.378E+03   1.711E+03
   82   -3.19437E+00   1.359E+04   4.322E+03
   84   -2.68310E+00   3.179E+04   9.692E+03
   86   -2.16259E+00   6.688E+04   1.823E+04
   88   -1.63110E+00   1.273E+05   2.829E+04
   90   -1.10310E+00   2.315E+05   3.751E+04
   92   -5.94434E-01   4.746E+05   4.555E+04
  208        50   94    2    756
   50   -1.12064E+01   3.444E+01   5.716E-01
   52   -1.07064E+01   3.674E+01   6.269E-01
   54   -1.02064E+01   3.871E+01   6.895E-01
   56   -9.70635E+00   4.045E+01   7.683E-01
   58   -9.20633E+00   4.255E+01   8.686E-01
   60   -8.70630E+00   4.520E+01   1.007E+00
   62   -8.20627E+00   4.846E+01   1.204E+00
   64   -7.70623E+00   5.279E+01   1.520E+00
   66   -7.20619E+00   5.987E+01   2.141E+00
   68   -6.70614E+00   7.253E+01   3.519E+00
   70   -6.20606E+00   9.840E+01   6.991E+00
   72   -5.70591E+00   1.578E+02   1.671E+01
   74   -5.20564E+00   2.884E+02   4.600E+01
   76   -4.70514E+00   5.756E+02   1.368E+02
   78   -4.20419E+00   1.284E+03   4.078E+02
   80   -3.70214E+00   3.183E+03   1.111E+03
   82   -3.19790E+00   8.152E+03   2.628E+03
   84   -2.68962E+00   2.018E+04   5.654E+03
   86   -2.17298E+00   4.567E+04   1.088E+04
   88   -1.64655E+00   9.118E+04   1.797E+04
   90   -1.12337E+00   1.679E+05   2.514E+04
   92   -6.17015E-01   3.397E+05   3.169E+04
   94   -1.15220E-01   8.492E+05   4.100E+04
  210        52   94    2    779
   52   -1.07065E+01   2.871E+01   5.431E-01
   54   -1.02064E+01   3.183E+01   6.209E-01
   56   -9.70639E+00   3.490E+01   7.190E-01
   58   -9.20637E+00   3.770E+01   8.354E-01
   60   -8.70635E+00   4.032E+01   9.947E-01
   62   -8.20632E+00   4.350E+01   1.232E+00
   64   -7.70629E+00   4.772E+01   1.626E+00
   66   -7.20625E+00   5.334E+01   2.320E+00
   68   -6.70620E+00   6.187E+01   3.652E+00
   70   -6.20614E+00   7.778E+01   6.575E+00
   72   -5.70603E+00   1.116E+02   1.397E+01
   74   -5.20583E+00   1.910E+02   3.505E+01
   76   -4.70545E+00   3.759E+02   9.769E+01
   78   -4.20473E+00   8.086E+02   2.769E+02
   80   -3.70323E+00   1.927E+03   7.206E+02
   82   -3.20022E+00   4.889E+03   1.600E+03
   84   -2.69421E+00   1.248E+04   3.238E+03
   86   -2.18116E+00   2.996E+04   6.241E+03
   88   -1.65934E+00   6.353E+04   1.093E+04
   90   -1.13982E+00   1.208E+05   1.636E+04
   92   -6.34204E-01   2.436E+05   2.164E+04
   94   -1.32557E-01   5.976E+05   3.007E+04
  212        52   94    2    801
   52   -1.07066E+01   1.916E+01   4.482E-01
   54   -1.02065E+01   2.199E+01   5.006E-01
   56   -9.70648E+00   2.500E+01   5.822E-01
   58   -9.20643E+00   2.858E+01   7.036E-01
   60   -8.70640E+00   3.239E+01   8.721E-01
   62   -8.20637E+00   3.607E+01   1.105E+00
   64   -7.70634E+00   3.992E+01   1.475E+00
   66   -7.20631E+00   4.501E+01   2.157E+00
   68   -6.70626E+00   5.240E+01   3.464E+00
   70   -6.20621E+00   6.374E+01   6.054E+00
   72   -5.70612E+00   8.491E+01   1.185E+01
   74   -5.20597E+00   1.316E+02   2.683E+01
   76   -4.70568E+00   2.440E+02   6.918E+01
   78   -4.20513E+00   5.160E+02   1.868E+02
   80   -3.70400E+00   1.194E+03   4.677E+02
   82   -3.20179E+00   2.946E+03   9.954E+02
   84   -2.69739E+00   7.635E+03   1.896E+03
   86   -2.18733E+00   1.911E+04   3.558E+03
   88   -1.66970E+00   4.290E+04   6.466E+03
   90   -1.15335E+00   8.548E+04   1.034E+04
   92   -6.47747E-01   1.743E+05   1.449E+04
   94   -1.45386E-01   4.209E+05   2.107E+04
  214        52   90    2    823
   52   -1.07066E+01   9.066E+00   3.888E-01
   54   -1.02066E+01   1.216E+01   4.186E-01
   56   -9.70657E+00   1.533E+01   4.662E-01
   58   -9.20654E+00   1.842E+01   5.409E-01
   60   -8.70649E+00   2.174E+01   6.620E-01
   62   -8.20644E+00   2.577E+01   8.639E-01
   64   -7.70640E+00   3.037E+01   1.192E+00
   66   -7.20636E+00   3.528E+01   1.757E+00
   68   -6.70633E+00   4.136E+01   2.844E+00
   70   -6.20627E+00   5.067E+01   5.072E+00
   72   -5.70620E+00   6.605E+01   9.740E+00
   74   -5.20607E+00   9.562E+01   2.044E+01
   76   -4.70585E+00   1.630E+02   4.837E+01
   78   -4.20543E+00   3.294E+02   1.238E+02
   80   -3.70456E+00   7.498E+02   3.030E+02
   82   -3.20290E+00   1.816E+03   6.330E+02
   84   -2.69963E+00   4.681E+03   1.157E+03
   86   -2.19189E+00   1.200E+04   2.077E+03
   88   -1.67789E+00   2.824E+04   3.798E+03
   90   -1.16445E+00   5.920E+04   6.398E+03
  216        54   90    2    843
   54   -1.02067E+01   4.495E+00   3.708E-01
   56   -9.70665E+00   6.663E+00   3.943E-01
   58   -9.20661E+00   9.447E+00   4.346E-01
   60   -8.70657E+00   1.260E+01   5.027E-01
   62   -8.20654E+00   1.592E+01   6.206E-01
   64   -7.70649E+00   1.972E+01   8.332E-01
   66   -7.20644E+00   2.455E+01   1.247E+00
   68   -6.70638E+00   3.049E+01   2.064E+00
   70   -6.20633E+00   3.799E+01   3.744E+00
   72   -5.70626E+00   4.966E+01   7.366E+00
   74   -5.20616E+00   7.059E+01   1.537E+01
   76   -4.70598E+00   1.133E+02   3.416E+01
   78   -4.20566E+00   2.144E+02   8.156E+01
   80   -3.70498E+00   4.725E+02   1.945E+02
   82   -3.20372E+00   1.132E+03   4.081E+02
   84   -2.70125E+00   2.891E+03   7.335E+02
   86   -2.19526E+00   7.491E+03   1.264E+03
   88   -1.68424E+00   1.826E+04   2.268E+03
   90   -1.17342E+00   4.017E+04   3.937E+03
  218        54   90    2    862
   54   -1.02068E+01   1.484E+00   3.508E-01
   56   -9.70677E+00   2.227E+00   3.602E-01
   58   -9.20672E+00   3.494E+00   3.780E-01
   60   -8.70666E+00   5.425E+00   4.104E-01
   62   -8.20661E+00   8.076E+00   4.729E-01
   64   -7.70657E+00   1.135E+01   5.930E-01
   66   -7.20653E+00   1.516E+01   8.256E-01
   68   -6.70647E+00   1.999E+01   1.317E+00
   70   -6.20640E+00   2.663E+01   2.431E+00
   72   -5.70633E+00   3.593E+01   4.967E+00
   74   -5.20624E+00   5.100E+01   1.075E+01
   76   -4.70609E+00   8.011E+01   2.407E+01
   78   -4.20583E+00   1.439E+02   5.502E+01
   80   -3.70530E+00   3.020E+02   1.264E+02
   82   -3.20433E+00   7.097E+02   2.656E+02
   84   -2.70243E+00   1.801E+03   4.798E+02
   86   -2.19777E+00   4.680E+03   8.036E+02
   88   -1.68911E+00   1.168E+04   1.398E+03
   90   -1.18058E+00   2.674E+04   2.446E+03
  220        54   92    2    881
   54   -1.02069E+01   5.578E-01   3.445E-01
   56   -9.70684E+00   7.940E-01   3.484E-01
   58   -9.20681E+00   1.198E+00   3.567E-01
   60   -8.70678E+00   1.938E+00   3.710E-01
   62   -8.20673E+00   3.233E+00   3.982E-01
   64   -7.70667E+00   5.274E+00   4.548E-01
   66   -7.20661E+00   8.211E+00   5.745E-01
   68   -6.70656E+00   1.210E+01   8.397E-01
   70   -6.20650E+00   1.723E+01   1.456E+00
   72   -5.70643E+00   2.466E+01   3.022E+00
   74   -5.20633E+00   3.624E+01   6.959E+00
   76   -4.70619E+00   5.658E+01   1.630E+01
   78   -4.20597E+00   9.857E+01   3.762E+01
   80   -3.70555E+00   1.976E+02   8.445E+01
   82   -3.20479E+00   4.496E+02   1.767E+02
   84   -2.70332E+00   1.128E+03   3.215E+02
   86   -2.19966E+00   2.935E+03   5.313E+02
   88   -1.69285E+00   7.439E+03   8.965E+02
   90   -1.18619E+00   1.761E+04   1.557E+03
   92   -6.81550E-01   4.105E+04   2.625E+03
  222        56   92    2    901
   56   -9.70699E+00   3.228E-01   3.442E-01
   58   -9.20690E+00   4.674E-01   3.480E-01
   60   -8.70685E+00   7.226E-01   3.544E-01
   62   -8.20682E+00   1.209E+00   3.670E-01
   64   -7.70678E+00   2.162E+00   3.932E-01
   66   -7.20672E+00   3.856E+00   4.494E-01
   68   -6.70665E+00   6.544E+00   5.782E-01
   70   -6.20658E+00   1.054E+01   9.030E-01
   72   -5.70651E+00   1.627E+01   1.763E+00
   74   -5.20643E+00   2.507E+01   4.165E+00
   76   -4.70629E+00   4.000E+01   1.055E+01
   78   -4.20610E+00   6.863E+01   2.556E+01
   80   -3.70575E+00   1.325E+02   5.756E+01
   82   -3.20515E+00   2.902E+02   1.203E+02
   84   -2.70400E+00   7.125E+02   2.215E+02
   86   -2.20110E+00   1.848E+03   3.641E+02
   88   -1.69573E+00   4.728E+03   5.984E+02
   90   -1.19057E+00   1.150E+04   1.022E+03
   92   -6.86559E-01   2.771E+04   1.745E+03
  224        56   92    2    920
   56   -9.70717E+00   1.517E-01   3.425E-01
   58   -9.20712E+00   2.097E-01   3.449E-01
   60   -8.70703E+00   3.105E-01   3.487E-01
   62   -8.20693E+00   5.016E-01   3.545E-01
   64   -7.70686E+00   8.803E-01   3.673E-01
   66   -7.20681E+00   1.668E+00   3.944E-01
   68   -6.70676E+00   3.236E+00   4.579E-01
   70   -6.20669E+00   5.975E+00   6.160E-01
   72   -5.70661E+00   1.033E+01   1.055E+00
   74   -5.20652E+00   1.707E+01   2.392E+00
   76   -4.70640E+00   2.812E+01   6.375E+00
   78   -4.20623E+00   4.844E+01   1.682E+01
   80   -3.70593E+00   9.104E+01   3.958E+01
   82   -3.20544E+00   1.919E+02   8.335E+01
   84   -2.70453E+00   4.568E+02   1.561E+02
   86   -2.20221E+00   1.171E+03   2.583E+02
   88   -1.69796E+00   3.013E+03   4.163E+02
   90   -1.19397E+00   7.483E+03   6.967E+02
   92   -6.90578E-01   1.855E+04   1.190E+03
  226        56   94    2    939
   56   -9.70733E+00   7.488E-02   3.414E-01
   58   -9.20725E+00   1.042E-01   3.432E-01
   60   -8.70719E+00   1.541E-01   3.461E-01
   62   -8.20713E+00   2.503E-01   3.495E-01
   64   -7.70704E+00   4.390E-01   3.562E-01
   66   -7.20694E+00   8.103E-01   3.703E-01
   68   -6.70686E+00   1.568E+00   4.029E-01
   70   -6.20679E+00   3.157E+00   4.819E-01
   72   -5.70672E+00   6.196E+00   6.978E-01
   74   -5.20663E+00   1.136E+01   1.365E+00
   76   -4.70651E+00   1.978E+01   3.609E+00
   78   -4.20635E+00   3.450E+01   1.038E+01
   80   -3.70609E+00   6.388E+01   2.676E+01
   82   -3.20569E+00   1.302E+02   5.844E+01
   84   -2.70495E+00   2.989E+02   1.117E+02
   86   -2.20308E+00   7.508E+02   1.883E+02
   88   -1.69972E+00   1.928E+03   3.007E+02
   90   -1.19662E+00   4.863E+03   4.933E+02
   92   -6.93788E-01   1.234E+04   8.348E+02
   94   -1.89493E-01   3.173E+04   1.537E+03
  228        58   90    2    959
   58   -9.20742E+00   5.643E-02   3.416E-01
   60   -8.70735E+00   8.676E-02   3.443E-01
   62   -8.20727E+00   1.421E-01   3.473E-01
   64   -7.70720E+00   2.470E-01   3.517E-01
   66   -7.20713E+00   4.654E-01   3.604E-01
   68   -6.70703E+00   9.136E-01   3.788E-01
   70   -6.20692E+00   1.800E+00   4.206E-01
   72   -5.70683E+00   3.590E+00   5.291E-01
   74   -5.20674E+00   7.165E+00   8.539E-01
   76   -4.70662E+00   1.366E+01   1.969E+00
   78   -4.20647E+00   2.486E+01   5.886E+00
   80   -3.70624E+00   4.571E+01   1.708E+01
   82   -3.20590E+00   9.040E+01   4.061E+01
   84   -2.70529E+00   2.001E+02   8.061E+01
   86   -2.20377E+00   4.883E+02   1.397E+02
   88   -1.70108E+00   1.242E+03   2.238E+02
   90   -1.19869E+00   3.159E+03   3.617E+02
  230        58   92    2    976
   58   -9.20747E+00   7.205E-02   3.407E-01
   60   -8.70745E+00   6.043E-02   3.426E-01
   62   -8.20742E+00   8.601E-02   3.449E-01
   64   -7.70736E+00   1.581E-01   3.484E-01
   66   -7.20727E+00   2.992E-01   3.544E-01
   68   -6.70719E+00   5.725E-01   3.660E-01
   70   -6.20710E+00   1.149E+00   3.911E-01
   72   -5.70699E+00   2.328E+00   4.517E-01
   74   -5.20686E+00   4.620E+00   6.152E-01
   76   -4.70674E+00   9.111E+00   1.145E+00
   78   -4.20660E+00   1.763E+01   3.110E+00
   80   -3.70639E+00   3.333E+01   9.891E+00
   82   -3.20609E+00   6.448E+01   2.686E+01
   84   -2.70559E+00   1.372E+02   5.747E+01
   86   -2.20434E+00   3.235E+02   1.041E+02
   88   -1.70217E+00   8.091E+02   1.700E+02
   90   -1.20031E+00   2.062E+03   2.731E+02
   92   -6.98362E-01   5.409E+03   4.491E+02
  232        58   92    2    994
   58   -9.20752E+00   2.323E-01   3.407E-01
   60   -8.70750E+00   1.635E-01   3.416E-01
   62   -8.20748E+00   1.131E-01   3.437E-01
   64   -7.70745E+00   1.151E-01   3.462E-01
   66   -7.20741E+00   1.962E-01   3.506E-01
   68   -6.70734E+00   4.005E-01   3.595E-01
   70   -6.20725E+00   7.966E-01   3.766E-01
   72   -5.70715E+00   1.574E+00   4.141E-01
   74   -5.20704E+00   3.197E+00   5.091E-01
   76   -4.70689E+00   6.399E+00   7.801E-01
   78   -4.20674E+00   1.248E+01   1.726E+00
   80   -3.70654E+00   2.423E+01   5.319E+00
   82   -3.20627E+00   4.718E+01   1.640E+01
   84   -2.70584E+00   9.676E+01   3.955E+01
   86   -2.20481E+00   2.192E+02   7.647E+01
   88   -1.70305E+00   5.346E+02   1.300E+02
   90   -1.20159E+00   1.355E+03   2.105E+02
   92   -6.99973E-01   3.554E+03   3.435E+02
  234        60   92    2   1012
   60   -8.70754E+00   2.727E-01   3.422E-01
   62   -8.20752E+00   2.361E-01   3.435E-01
   64   -7.70750E+00   2.011E-01   3.451E-01
   66   -7.20748E+00   1.948E-01   3.481E-01
   68   -6.70744E+00   2.785E-01   3.543E-01
   70   -6.20739E+00   5.511E-01   3.676E-01
   72   -5.70730E+00   1.150E+00   3.937E-01
   74   -5.20719E+00   2.287E+00   4.540E-01
   76   -4.70707E+00   4.569E+00   6.133E-01
   78   -4.20691E+00   9.174E+00   1.103E+00
   80   -3.70670E+00   1.793E+01   2.908E+00
   82   -3.20645E+00   3.495E+01   9.357E+00
   84   -2.70607E+00   7.042E+01   2.590E+01
   86   -2.20520E+00   1.525E+02   5.505E+01
   88   -1.70377E+00   3.588E+02   9.863E+01
   90   -1.20261E+00   8.960E+02   1.640E+02
   92   -7.01273E-01   2.356E+03   2.681E+02
  236        60   94    2   1029
   60   -8.70758E+00   2.530E-01   3.420E-01
   62   -8.20757E+00   2.625E-01   3.435E-01
   64   -7.70754E+00   2.647E-01   3.451E-01
   66   -7.20752E+00   2.698E-01   3.470E-01
   68   -6.70750E+00   3.028E-01   3.514E-01
   70   -6.20747E+00   4.260E-01   3.608E-01
   72   -5.70742E+00   7.883E-01   3.797E-01
   74   -5.20734E+00   1.658E+00   4.223E-01
   76   -4.70722E+00   3.383E+00   5.254E-01
   78   -4.20708E+00   6.707E+00   8.123E-01
   80   -3.70689E+00   1.342E+01   1.769E+00
   82   -3.20664E+00   2.645E+01   5.301E+00
   84   -2.70629E+00   5.246E+01   1.610E+01
   86   -2.20555E+00   1.096E+02   3.866E+01
   88   -1.70436E+00   2.470E+02   7.425E+01
   90   -1.20344E+00   5.986E+02   1.280E+02
   92   -7.02316E-01   1.572E+03   2.124E+02
   94   -2.00290E-01   4.270E+03   3.557E+02
  238        60   94    2   1047
   60   -8.70762E+00   1.551E-01   3.424E-01
   62   -8.20760E+00   1.945E-01   3.437E-01
   64   -7.70759E+00   2.338E-01   3.459E-01
   66   -7.20757E+00   2.748E-01   3.479E-01
   68   -6.70754E+00   3.279E-01   3.509E-01
   70   -6.20752E+00   4.226E-01   3.574E-01
   72   -5.70748E+00   6.359E-01   3.712E-01
   74   -5.20744E+00   1.158E+00   4.012E-01
   76   -4.70736E+00   2.401E+00   4.734E-01
   78   -4.20723E+00   4.993E+00   6.589E-01
   80   -3.70706E+00   9.963E+00   1.215E+00
   82   -3.20684E+00   1.990E+01   3.173E+00
   84   -2.70651E+00   3.978E+01   9.803E+00
   86   -2.20586E+00   8.104E+01   2.632E+01
   88   -1.70486E+00   1.751E+02   5.549E+01
   90   -1.20412E+00   4.094E+02   1.002E+02
   92   -7.03168E-01   1.056E+03   1.701E+02
   94   -2.01452E-01   2.858E+03   2.810E+02
  240        62   94    2   1065
   62   -8.20763E+00   1.068E-01   3.441E-01
   64   -7.70762E+00   1.563E-01   3.470E-01
   66   -7.20760E+00   2.177E-01   3.496E-01
   68   -6.70759E+00   2.963E-01   3.528E-01
   70   -6.20756E+00   4.060E-01   3.580E-01
   72   -5.70753E+00   5.833E-01   3.683E-01
   74   -5.20750E+00   9.306E-01   3.900E-01
   76   -4.70744E+00   1.711E+00   4.408E-01
   78   -4.20736E+00   3.515E+00   5.683E-01
   80   -3.70722E+00   7.363E+00   9.226E-01
   82   -3.20702E+00   1.485E+01   2.069E+00
   84   -2.70673E+00   2.985E+01   6.039E+00
   86   -2.20616E+00   6.074E+01   1.746E+01
   88   -1.70531E+00   1.274E+02   4.074E+01
   90   -1.20468E+00   2.863E+02   7.875E+01
   92   -7.03868E-01   7.175E+02   1.374E+02
   94   -2.02414E-01   1.920E+03   2.246E+02
  242        62   94    2   1082
   62   -8.20766E+00   4.993E-02   3.425E-01
   64   -7.70765E+00   8.935E-02   3.459E-01
   66   -7.20764E+00   1.475E-01   3.500E-01
   68   -6.70762E+00   2.301E-01   3.545E-01
   70   -6.20760E+00   3.482E-01   3.603E-01
   72   -5.70758E+00   5.258E-01   3.698E-01
   74   -5.20754E+00   8.154E-01   3.859E-01
   76   -4.70750E+00   1.355E+00   4.224E-01
   78   -4.20745E+00   2.518E+00   5.119E-01
   80   -3.70734E+00   5.170E+00   7.521E-01
   82   -3.20718E+00   1.087E+01   1.476E+00
   84   -2.70693E+00   2.220E+01   3.888E+00
   86   -2.20643E+00   4.519E+01   1.143E+01
   88   -1.70570E+00   9.383E+01   2.926E+01
   90   -1.20517E+00   2.043E+02   6.132E+01
   92   -7.04456E-01   4.943E+02   1.112E+02
   94   -2.03218E-01   1.297E+03   1.804E+02
  244        62   96    2   1099
   62   -8.20769E+00   1.882E-02   3.409E-01
   64   -7.70768E+00   4.410E-02   3.435E-01
   66   -7.20767E+00   8.950E-02   3.480E-01
   68   -6.70765E+00   1.620E-01   3.537E-01
   70   -6.20763E+00   2.720E-01   3.614E-01
   72   -5.70761E+00   4.387E-01   3.720E-01
   74   -5.20758E+00   7.020E-01   3.878E-01
   76   -4.70755E+00   1.146E+00   4.164E-01
   78   -4.20750E+00   1.965E+00   4.803E-01
   80   -3.70743E+00   3.699E+00   6.457E-01
   82   -3.20731E+00   7.627E+00   1.127E+00
   84   -2.70710E+00   1.612E+01   2.662E+00
   86   -2.20668E+00   3.329E+01   7.572E+00
   88   -1.70606E+00   6.887E+01   2.061E+01
   90   -1.20559E+00   1.476E+02   4.683E+01
   92   -7.04958E-01   3.453E+02   8.920E+01
   94   -2.03902E-01   8.835E+02   1.446E+02
   96    2.96207E-01   2.451E+03   2.307E+02
  246        64   96    2   1117
   64   -7.70770E+00   1.507E-02   3.411E-01
   66   -7.20769E+00   3.954E-02   3.439E-01
   68   -6.70768E+00   9.230E-02   3.485E-01
   70   -6.20766E+00   1.859E-01   3.568E-01
   72   -5.70764E+00   3.349E-01   3.700E-01
   74   -5.20762E+00   5.672E-01   3.888E-01
   76   -4.70759E+00   9.440E-01   4.170E-01
   78   -4.20755E+00   1.599E+00   4.685E-01
   80   -3.70749E+00   2.832E+00   5.859E-01
   82   -3.20740E+00   5.430E+00   9.097E-01
   84   -2.70724E+00   1.131E+01   1.922E+00
   86   -2.20689E+00   2.404E+01   5.170E+00
   88   -1.70636E+00   5.025E+01   1.438E+01
   90   -1.20597E+00   1.068E+02   3.492E+01
   92   -7.05399E-01   2.438E+02   6.979E+01
   94   -2.04484E-01   6.069E+02   1.141E+02
   96    2.95608E-01   1.656E+03   1.722E+02
  248        64   96    2   1134
   64   -7.70771E+00   4.719E-03   3.395E-01
   66   -7.20770E+00   1.325E-02   3.416E-01
   68   -6.70770E+00   3.627E-02   3.437E-01
   70   -6.20769E+00   9.284E-02   3.484E-01
   72   -5.70767E+00   2.088E-01   3.589E-01
   74   -5.20765E+00   4.084E-01   3.789E-01
   76   -4.70763E+00   7.292E-01   4.102E-01
   78   -4.20759E+00   1.260E+00   4.614E-01
   80   -3.70754E+00   2.209E+00   5.578E-01
   82   -3.20747E+00   4.050E+00   7.866E-01
   84   -2.70735E+00   7.991E+00   1.461E+00
   86   -2.20707E+00   1.689E+01   3.637E+00
   88   -1.70663E+00   3.612E+01   1.007E+01
   90   -1.20629E+00   7.700E+01   2.553E+01
   92   -7.05785E-01   1.729E+02   5.297E+01
   94   -2.04989E-01   4.201E+02   8.777E+01
   96    2.95101E-01   1.124E+03   1.280E+02
  250        64   98    2   1151
   64   -7.70772E+00   1.612E-03   3.392E-01
   66   -7.20771E+00   4.484E-03   3.403E-01
   68   -6.70771E+00   1.266E-02   3.415E-01
   70   -6.20770E+00   3.526E-02   3.436E-01
   72   -5.70769E+00   9.422E-02   3.488E-01
   74   -5.20768E+00   2.297E-01   3.619E-01
   76   -4.70765E+00   4.879E-01   3.893E-01
   78   -4.20763E+00   9.242E-01   4.410E-01
   80   -3.70758E+00   1.665E+00   5.341E-01
   82   -3.20753E+00   3.033E+00   7.210E-01
   84   -2.70743E+00   5.799E+00   1.197E+00
   86   -2.20720E+00   1.185E+01   2.662E+00
   88   -1.70685E+00   2.545E+01   7.123E+00
   90   -1.20657E+00   5.509E+01   1.833E+01
   92   -7.06123E-01   1.228E+02   3.915E+01
   94   -2.05429E-01   2.924E+02   6.553E+01
   96    2.94667E-01   7.663E+02   9.405E+01
   98    7.94298E-01   2.234E+03   1.573E+02
  252        66   98    2   1169
   66   -7.20772E+00   1.709E-03   3.396E-01
   68   -6.70772E+00   4.650E-03   3.407E-01
   70   -6.20771E+00   1.309E-02   3.415E-01
   72   -5.70771E+00   3.678E-02   3.438E-01
   74   -5.20770E+00   1.002E-01   3.501E-01
   76   -4.70768E+00   2.554E-01   3.654E-01
   78   -4.20766E+00   5.791E-01   4.038E-01
   80   -3.70762E+00   1.162E+00   4.884E-01
   82   -3.20757E+00   2.194E+00   6.598E-01
   84   -2.70749E+00   4.182E+00   1.040E+00
   86   -2.20731E+00   8.382E+00   2.074E+00
   88   -1.70703E+00   1.775E+01   5.155E+00
   90   -1.20680E+00   3.888E+01   1.312E+01
   92   -7.06412E-01   8.694E+01   2.834E+01
   94   -2.05816E-01   2.040E+02   4.772E+01
   96    2.94292E-01   5.249E+02   6.825E+01
   98    7.94036E-01   1.507E+03   1.063E+02
  254        66   98    2   1186
   66   -7.20773E+00   7.529E-04   3.391E-01
   68   -6.70772E+00   1.987E-03   3.400E-01
   70   -6.20772E+00   5.337E-03   3.405E-01
   72   -5.70772E+00   1.478E-02   3.417E-01
   74   -5.20771E+00   4.144E-02   3.450E-01
   76   -4.70770E+00   1.137E-01   3.527E-01
   78   -4.20768E+00   2.957E-01   3.727E-01
   80   -3.70765E+00   6.991E-01   4.283E-01
   82   -3.20761E+00   1.473E+00   5.683E-01
   84   -2.70754E+00   2.921E+00   8.931E-01
   86   -2.20739E+00   5.866E+00   1.690E+00
   88   -1.70716E+00   1.234E+01   3.867E+00
   90   -1.20699E+00   2.709E+01   9.452E+00
   92   -7.06663E-01   6.111E+01   2.018E+01
   94   -2.06146E-01   1.425E+02   3.415E+01
   96    2.93966E-01   3.608E+02   4.900E+01
   98    7.93804E-01   1.019E+03   7.244E+01
  256        66  100    2   1203
   66   -7.20773E+00   3.476E-04   3.384E-01
   68   -6.70773E+00   8.936E-04   3.394E-01
   70   -6.20773E+00   2.411E-03   3.400E-01
   72   -5.70772E+00   6.565E-03   3.407E-01
   74   -5.20772E+00   1.799E-02   3.423E-01
   76   -4.70771E+00   5.009E-02   3.468E-01
   78   -4.20770E+00   1.379E-01   3.572E-01
   80   -3.70767E+00   3.617E-01   3.865E-01
   82   -3.20765E+00   8.735E-01   4.723E-01
   84   -2.70759E+00   1.912E+00   7.141E-01
   86   -2.20746E+00   3.984E+00   1.343E+00
   88   -1.70728E+00   8.452E+00   2.944E+00
   90   -1.20714E+00   1.865E+01   6.829E+00
   92   -7.06869E-01   4.247E+01   1.428E+01
   94   -2.06431E-01   9.925E+01   2.415E+01
   96    2.93684E-01   2.483E+02   3.488E+01
   98    7.93597E-01   6.897E+02   5.035E+01
  100    1.29355E+00   2.066E+03   1.158E+02
  258        68  100    2   1221
   68   -6.70773E+00   4.324E-04   3.387E-01
   70   -6.20773E+00   1.114E-03   3.395E-01
   72   -5.70773E+00   3.030E-03   3.399E-01
   74   -5.20772E+00   8.429E-03   3.408E-01
   76   -4.70772E+00   2.334E-02   3.439E-01
   78   -4.20771E+00   6.471E-02   3.498E-01
   80   -3.70769E+00   1.779E-01   3.662E-01
   82   -3.20767E+00   4.677E-01   4.128E-01
   84   -2.70762E+00   1.142E+00   5.548E-01
   86   -2.20752E+00   2.574E+00   9.876E-01
   88   -1.70737E+00   5.633E+00   2.154E+00
   90   -1.20725E+00   1.263E+01   4.862E+00
   92   -7.07036E-01   2.915E+01   9.947E+00
   94   -2.06672E-01   6.866E+01   1.688E+01
   96    2.93436E-01   1.711E+02   2.465E+01
   98    7.93409E-01   4.690E+02   3.526E+01
  100    1.29342E+00   1.390E+03   7.243E+01
  260        68  100    2   1238
   68   -6.70773E+00   2.236E-04   3.381E-01
   70   -6.20773E+00   5.584E-04   3.391E-01
   72   -5.70773E+00   1.468E-03   3.393E-01
   74   -5.20773E+00   4.016E-03   3.400E-01
   76   -4.70772E+00   1.131E-02   3.419E-01
   78   -4.20772E+00   3.187E-02   3.455E-01
   80   -3.70770E+00   8.870E-02   3.551E-01
   82   -3.20769E+00   2.431E-01   3.822E-01
   84   -2.70765E+00   6.388E-01   4.610E-01
   86   -2.20757E+00   1.568E+00   7.091E-01
   88   -1.70744E+00   3.627E+00   1.469E+00
   90   -1.20736E+00   8.355E+00   3.324E+00
   92   -7.07169E-01   1.970E+01   6.781E+00
   94   -2.06872E-01   4.705E+01   1.163E+01
   96    2.93227E-01   1.175E+02   1.726E+01
   98    7.93243E-01   3.191E+02   2.475E+01
  100    1.29330E+00   9.357E+02   4.631E+01
  262        68  100    2   1255
   68   -6.70773E+00   1.181E-04   3.376E-01
   70   -6.20773E+00   2.915E-04   3.384E-01
   72   -5.70773E+00   7.514E-04   3.388E-01
   74   -5.20773E+00   2.022E-03   3.392E-01
   76   -4.70772E+00   5.616E-03   3.405E-01
   78   -4.20772E+00   1.596E-02   3.431E-01
   80   -3.70771E+00   4.557E-02   3.488E-01
   82   -3.20770E+00   1.277E-01   3.653E-01
   84   -2.70767E+00   3.498E-01   4.119E-01
   86   -2.20760E+00   9.173E-01   5.500E-01
   88   -1.70750E+00   2.260E+00   9.845E-01
   90   -1.20743E+00   5.394E+00   2.172E+00
   92   -7.07282E-01   1.307E+01   4.509E+00
   94   -2.07036E-01   3.189E+01   7.907E+00
   96    2.93053E-01   8.022E+01   1.199E+01
   98    7.93094E-01   2.167E+02   1.733E+01
  100    1.29318E+00   6.297E+02   3.028E+01
  264        70  102    2   1272
   70   -6.20773E+00   2.250E-04   3.379E-01
   72   -5.70773E+00   4.640E-04   3.385E-01
   74   -5.20773E+00   1.126E-03   3.387E-01
   76   -4.70773E+00   2.986E-03   3.394E-01
   78   -4.20773E+00   8.333E-03   3.414E-01
   80   -3.70772E+00   2.380E-02   3.449E-01
   82   -3.20771E+00   6.824E-02   3.549E-01
   84   -2.70768E+00   1.924E-01   3.834E-01
   86   -2.20763E+00   5.270E-01   4.651E-01
   88   -1.70755E+00   1.376E+00   7.083E-01
   90   -1.20750E+00   3.428E+00   1.411E+00
   92   -7.07373E-01   8.522E+00   2.948E+00
   94   -2.07172E-01   2.134E+01   5.326E+00
   96    2.92906E-01   5.446E+01   8.287E+00
   98    7.92964E-01   1.471E+02   1.212E+01
  100    1.29307E+00   4.244E+02   2.016E+01
  102    1.79320E+00   1.276E+03   4.317E+01
  266        70  102    2   1289
   70   -6.20773E+00   2.099E-04   3.374E-01
   72   -5.70773E+00   3.301E-04   3.380E-01
   74   -5.20773E+00   6.687E-04   3.382E-01
   76   -4.70773E+00   1.655E-03   3.385E-01
   78   -4.20773E+00   4.513E-03   3.400E-01
   80   -3.70772E+00   1.283E-02   3.422E-01
   82   -3.20771E+00   3.701E-02   3.483E-01
   84   -2.70770E+00   1.067E-01   3.659E-01
   86   -2.20765E+00   3.022E-01   4.157E-01
   88   -1.70759E+00   8.252E-01   5.580E-01
   90   -1.20755E+00   2.155E+00   9.629E-01
   92   -7.07446E-01   5.502E+00   1.933E+00
   94   -2.07283E-01   1.410E+01   3.576E+00
   96    2.92782E-01   3.662E+01   5.708E+00
   98    7.92850E-01   9.908E+01   8.461E+00
  100    1.29297E+00   2.838E+02   1.367E+01
  102    1.79312E+00   8.483E+02   2.788E+01
  268        70  102    2   1306
   70   -6.20774E+00   3.351E-04   3.371E-01
   72   -5.70773E+00   4.599E-04   3.377E-01
   74   -5.20773E+00   6.606E-04   3.378E-01
   76   -4.70773E+00   1.178E-03   3.380E-01
   78   -4.20773E+00   2.712E-03   3.389E-01
   80   -3.70772E+00   7.287E-03   3.404E-01
   82   -3.20772E+00   2.074E-02   3.441E-01
   84   -2.70770E+00   6.014E-02   3.548E-01
   86   -2.20767E+00   1.739E-01   3.854E-01
   88   -1.70762E+00   4.918E-01   4.712E-01
   90   -1.20759E+00   1.340E+00   7.087E-01
   92   -7.07504E-01   3.536E+00   1.302E+00
   94   -2.07370E-01   9.248E+00   2.409E+00
   96    2.92683E-01   2.449E+01   3.935E+00
   98    7.92753E-01   6.688E+01   5.920E+00
  100    1.29288E+00   1.913E+02   9.407E+00
  102    1.79304E+00   5.689E+02   1.835E+01
  270        72  104    2   1323
   72   -5.70774E+00   6.875E-04   3.370E-01
   74   -5.20774E+00   1.066E-03   3.375E-01
   76   -4.70773E+00   1.529E-03   3.376E-01
   78   -4.20773E+00   2.432E-03   3.381E-01
   80   -3.70773E+00   4.963E-03   3.391E-01
   82   -3.20772E+00   1.256E-02   3.414E-01
   84   -2.70771E+00   3.516E-02   3.479E-01
   86   -2.20768E+00   1.017E-01   3.666E-01
   88   -1.70764E+00   2.934E-01   4.188E-01
   90   -1.20762E+00   8.267E-01   5.609E-01
   92   -7.07554E-01   2.259E+00   9.207E-01
   94   -2.07445E-01   6.044E+00   1.648E+00
   96    2.92598E-01   1.628E+01   2.728E+00
   98    7.92668E-01   4.494E+01   4.161E+00
  100    1.29280E+00   1.288E+02   6.559E+00
  102    1.79297E+00   3.816E+02   1.230E+01
  104    2.29317E+00   1.165E+03   2.678E+01
  272        72  104    2   1340
   72   -5.70775E+00   5.677E-04   3.365E-01
   74   -5.20775E+00   1.203E-03   3.372E-01
   76   -4.70774E+00   2.146E-03   3.373E-01
   78   -4.20773E+00   3.370E-03   3.375E-01
   80   -3.70773E+00   5.238E-03   3.384E-01
   82   -3.20772E+00   9.713E-03   3.397E-01
   84   -2.70771E+00   2.284E-02   3.436E-01
   86   -2.20769E+00   6.210E-02   3.551E-01
   88   -1.70766E+00   1.777E-01   3.872E-01
   90   -1.20764E+00   5.099E-01   4.735E-01
   92   -7.07589E-01   1.435E+00   6.921E-01
   94   -2.07502E-01   3.935E+00   1.160E+00
   96    2.92533E-01   1.077E+01   1.916E+00
   98    7.92593E-01   3.009E+01   2.955E+00
  100    1.29272E+00   8.650E+01   4.647E+00
  102    1.79289E+00   2.559E+02   8.253E+00
  104    2.29311E+00   7.786E+02   1.817E+01
  274        72  104    2   1357
   72   -5.70776E+00   2.681E-04   3.360E-01
   74   -5.20775E+00   7.419E-04   3.367E-01
   76   -4.70775E+00   1.814E-03   3.368E-01
   78   -4.20774E+00   3.707E-03   3.372E-01
   80   -3.70773E+00   6.484E-03   3.379E-01
   82   -3.20773E+00   1.058E-02   3.388E-01
   84   -2.70772E+00   1.903E-02   3.412E-01
   86   -2.20770E+00   4.263E-02   3.482E-01
   88   -1.70767E+00   1.127E-01   3.680E-01
   90   -1.20766E+00   3.189E-01   4.211E-01
   92   -7.07615E-01   9.105E-01   5.550E-01
   94   -2.07552E-01   2.553E+00   8.536E-01
   96    2.92479E-01   7.110E+00   1.375E+00
   98    7.92534E-01   2.007E+01   2.134E+00
  100    1.29265E+00   5.799E+01   3.352E+00
  102    1.79282E+00   1.715E+02   5.847E+00
  104    2.29304E+00   5.204E+02   1.246E+01
  276        74  104    2   1374
   74   -5.20776E+00   3.225E-04   3.359E-01
   76   -4.70775E+00   9.393E-04   3.362E-01
   78   -4.20775E+00   2.517E-03   3.365E-01
   80   -3.70774E+00   5.797E-03   3.373E-01
   82   -3.20773E+00   1.126E-02   3.382E-01
   84   -2.70772E+00   1.978E-02   3.400E-01
   86   -2.20771E+00   3.630E-02   3.444E-01
   88   -1.70768E+00   8.004E-02   3.567E-01
   90   -1.20767E+00   2.085E-01   3.899E-01
   92   -7.07638E-01   5.851E-01   4.736E-01
   94   -2.07586E-01   1.657E+00   6.648E-01
   96    2.92433E-01   4.682E+00   1.023E+00
   98    7.92483E-01   1.335E+01   1.577E+00
  100    1.29258E+00   3.880E+01   2.471E+00
  102    1.79275E+00   1.149E+02   4.233E+00
  104    2.29296E+00   3.478E+02   8.671E+00
  278        74  106    2   1390
   74   -5.20776E+00   1.313E-04   3.352E-01
   76   -4.70776E+00   4.017E-04   3.356E-01
   78   -4.20776E+00   1.205E-03   3.357E-01
   80   -3.70775E+00   3.407E-03   3.367E-01
   82   -3.20775E+00   8.538E-03   3.376E-01
   84   -2.70773E+00   1.817E-02   3.391E-01
   86   -2.20771E+00   3.448E-02   3.426E-01
   88   -1.70770E+00   6.655E-02   3.508E-01
   90   -1.20768E+00   1.494E-01   3.719E-01
   92   -7.07658E-01   3.900E-01   4.254E-01
   94   -2.07616E-01   1.086E+00   5.497E-01
   96    2.92400E-01   3.084E+00   7.960E-01
   98    7.92439E-01   8.866E+00   1.203E+00
  100    1.29253E+00   2.589E+01   1.867E+00
  102    1.79269E+00   7.678E+01   3.136E+00
  104    2.29289E+00   2.321E+02   6.133E+00
  106    2.79314E+00   7.144E+02   1.294E+01
  280        76  106    2   1407
   76   -4.70776E+00   1.706E-04   3.348E-01
   78   -4.20776E+00   5.265E-04   3.350E-01
   80   -3.70776E+00   1.606E-03   3.353E-01
   82   -3.20775E+00   4.683E-03   3.364E-01
   84   -2.70774E+00   1.238E-02   3.378E-01
   86   -2.20773E+00   2.831E-02   3.409E-01
   88   -1.70771E+00   5.777E-02   3.475E-01
   90   -1.20770E+00   1.190E-01   3.625E-01
   92   -7.07671E-01   2.779E-01   3.983E-01
   94   -2.07636E-01   7.306E-01   4.813E-01
   96    2.92371E-01   2.044E+00   6.524E-01
   98    7.92406E-01   5.886E+00   9.529E-01
  100    1.29248E+00   1.726E+01   1.452E+00
  102    1.79263E+00   5.132E+01   2.375E+00
  104    2.29282E+00   1.551E+02   4.371E+00
  106    2.79307E+00   4.767E+02   9.169E+00
  282        76  106    2   1423
   76   -4.70776E+00   7.680E-05   3.342E-01
   78   -4.20776E+00   2.354E-04   3.342E-01
   80   -3.70776E+00   7.302E-04   3.343E-01
   82   -3.20775E+00   2.246E-03   3.354E-01
   84   -2.70775E+00   6.662E-03   3.363E-01
   86   -2.20774E+00   1.820E-02   3.387E-01
   88   -1.70772E+00   4.382E-02   3.444E-01
   90   -1.20771E+00   9.562E-02   3.567E-01
   92   -7.07684E-01   2.111E-01   3.833E-01
   94   -2.07655E-01   5.130E-01   4.419E-01
   96    2.92350E-01   1.377E+00   5.635E-01
   98    7.92378E-01   3.922E+00   7.875E-01
  100    1.29245E+00   1.151E+01   1.166E+00
  102    1.79257E+00   3.427E+01   1.842E+00
  104    2.29276E+00   1.035E+02   3.220E+00
  106    2.79298E+00   3.180E+02   6.370E+00
  284        76  108    2   1439
   76   -4.70776E+00   3.712E-05   3.332E-01
   78   -4.20776E+00   1.115E-04   3.334E-01
   80   -3.70776E+00   3.442E-04   3.335E-01
   82   -3.20775E+00   1.072E-03   3.339E-01
   84   -2.70775E+00   3.310E-03   3.347E-01
   86   -2.20774E+00   9.904E-03   3.363E-01
   88   -1.70773E+00   2.758E-02   3.408E-01
   90   -1.20772E+00   6.902E-02   3.512E-01
   92   -7.07699E-01   1.599E-01   3.733E-01
   94   -2.07677E-01   3.740E-01   4.186E-01
   96    2.92332E-01   9.499E-01   5.087E-01
   98    7.92355E-01   2.633E+00   6.775E-01
  100    1.29241E+00   7.678E+00   9.681E-01
  102    1.79253E+00   2.288E+01   1.463E+00
  104    2.29269E+00   6.917E+01   2.419E+00
  106    2.79290E+00   2.122E+02   4.586E+00
  108    3.29322E+00   6.576E+02   9.281E+00
  286        78  108    2   1456
   78   -4.20776E+00   5.622E-05   3.325E-01
   80   -3.70776E+00   1.713E-04   3.326E-01
   82   -3.20776E+00   5.323E-04   3.327E-01
   84   -2.70775E+00   1.662E-03   3.334E-01
   86   -2.20774E+00   5.141E-03   3.343E-01
   88   -1.70773E+00   1.544E-02   3.373E-01
   90   -1.20773E+00   4.353E-02   3.451E-01
   92   -7.07714E-01   1.122E-01   3.633E-01
   94   -2.07693E-01   2.716E-01   4.012E-01
   96    2.92317E-01   6.694E-01   4.727E-01
   98    7.92338E-01   1.790E+00   6.036E-01
  100    1.29238E+00   5.140E+00   8.272E-01
  102    1.79248E+00   1.529E+01   1.192E+00
  104    2.29264E+00   4.620E+01   1.854E+00
  106    2.79282E+00   1.417E+02   3.335E+00
  108    3.29312E+00   4.387E+02   6.569E+00
  288        78  108    2   1472
   78   -4.20776E+00   2.989E-05   3.316E-01
   80   -3.70776E+00   8.987E-05   3.316E-01
   82   -3.20776E+00   2.776E-04   3.317E-01
   84   -2.70775E+00   8.673E-04   3.322E-01
   86   -2.20774E+00   2.712E-03   3.327E-01
   88   -1.70774E+00   8.395E-03   3.345E-01
   90   -1.20774E+00   2.526E-02   3.396E-01
   92   -7.07723E-01   7.175E-02   3.531E-01
   94   -2.07705E-01   1.880E-01   3.838E-01
   96    2.92304E-01   4.716E-01   4.433E-01
   98    7.92320E-01   1.231E+00   5.487E-01
  100    1.29236E+00   3.458E+00   7.232E-01
  102    1.79245E+00   1.022E+01   9.939E-01
  104    2.29258E+00   3.086E+01   1.455E+00
  106    2.79275E+00   9.460E+01   2.457E+00
  108    3.29301E+00   2.929E+02   4.698E+00
  290        78  108    2   1488
   78   -4.20776E+00   1.659E-05   3.305E-01
   80   -3.70776E+00   4.932E-05   3.305E-01
   82   -3.20776E+00   1.514E-04   3.306E-01
   84   -2.70775E+00   4.724E-04   3.309E-01
   86   -2.20775E+00   1.482E-03   3.313E-01
   88   -1.70774E+00   4.637E-03   3.323E-01
   90   -1.20774E+00   1.435E-02   3.354E-01
   92   -7.07731E-01   4.317E-02   3.443E-01
   94   -2.07719E-01   1.223E-01   3.666E-01
   96    2.92290E-01   3.238E-01   4.144E-01
   98    7.92307E-01   8.479E-01   5.010E-01
  100    1.29234E+00   2.339E+00   6.405E-01
  102    1.79242E+00   6.839E+00   8.447E-01
  104    2.29254E+00   2.062E+01   1.168E+00
  106    2.79268E+00   6.315E+01   1.846E+00
  108    3.29290E+00   1.956E+02   3.363E+00
  292        80  110    2   1504
   80   -3.70776E+00   2.810E-05   3.295E-01
   82   -3.20776E+00   8.585E-05   3.296E-01
   84   -2.70776E+00   2.673E-04   3.297E-01
   86   -2.20775E+00   8.388E-04   3.299E-01
   88   -1.70774E+00   2.637E-03   3.305E-01
   90   -1.20774E+00   8.255E-03   3.323E-01
   92   -7.07733E-01   2.552E-02   3.377E-01
   94   -2.07727E-01   7.614E-02   3.523E-01
   96    2.92278E-01   2.141E-01   3.871E-01
   98    7.92292E-01   5.776E-01   4.561E-01
  100    1.29232E+00   1.586E+00   5.685E-01
  102    1.79239E+00   4.586E+00   7.273E-01
  104    2.29249E+00   1.377E+01   9.583E-01
  106    2.79261E+00   4.215E+01   1.419E+00
  108    3.29280E+00   1.305E+02   2.454E+00
  110    3.79314E+00   4.061E+02   4.922E+00
  294        80  110    2   1520
   80   -3.70776E+00   1.650E-05   3.282E-01
   82   -3.20776E+00   5.026E-05   3.282E-01
   84   -2.70776E+00   1.562E-04   3.283E-01
   86   -2.20775E+00   4.902E-04   3.285E-01
   88   -1.70774E+00   1.544E-03   3.288E-01
   90   -1.20775E+00   4.856E-03   3.299E-01
   92   -7.07742E-01   1.519E-02   3.331E-01
   94   -2.07734E-01   4.659E-02   3.422E-01
   96    2.92272E-01   1.372E-01   3.653E-01
   98    7.92282E-01   3.859E-01   4.159E-01
  100    1.29231E+00   1.072E+00   5.043E-01
  102    1.79236E+00   3.080E+00   6.312E-01
  104    2.29246E+00   9.202E+00   8.020E-01
  106    2.79256E+00   2.813E+01   1.119E+00
  108    3.29271E+00   8.710E+01   1.825E+00
  110    3.79306E+00   2.708E+02   3.503E+00
  296        80  110    2   1536
   80   -3.70776E+00   9.932E-06   3.268E-01
   82   -3.20776E+00   3.019E-05   3.269E-01
   84   -2.70776E+00   9.373E-05   3.269E-01
   86   -2.20775E+00   2.941E-04   3.270E-01
   88   -1.70775E+00   9.266E-04   3.272E-01
   90   -1.20775E+00   2.921E-03   3.279E-01
   92   -7.07743E-01   9.185E-03   3.298E-01
   94   -2.07736E-01   2.856E-02   3.352E-01
   96    2.92264E-01   8.661E-02   3.498E-01
   98    7.92274E-01   2.529E-01   3.842E-01
  100    1.29229E+00   7.190E-01   4.500E-01
  102    1.79234E+00   2.069E+00   5.504E-01
  104    2.29242E+00   6.154E+00   6.825E-01
  106    2.79251E+00   1.878E+01   9.054E-01
  108    3.29263E+00   5.811E+01   1.388E+00
  110    3.79294E+00   1.808E+02   2.544E+00
  298        82  112    2   1552
   82   -3.20776E+00   1.851E-05   3.253E-01
   84   -2.70776E+00   5.743E-05   3.253E-01
   86   -2.20775E+00   1.802E-04   3.254E-01
   88   -1.70775E+00   5.679E-04   3.255E-01
   90   -1.20775E+00   1.792E-03   3.259E-01
   92   -7.07747E-01   5.648E-03   3.270E-01
   94   -2.07741E-01   1.768E-02   3.303E-01
   96    2.92261E-01   5.452E-02   3.393E-01
   98    7.92268E-01   1.637E-01   3.615E-01
  100    1.29228E+00   4.775E-01   4.077E-01
  102    1.79233E+00   1.387E+00   4.845E-01
  104    2.29239E+00   4.115E+00   5.889E-01
  106    2.79247E+00   1.253E+01   7.515E-01
  108    3.29256E+00   3.876E+01   1.079E+00
  110    3.79281E+00   1.208E+02   1.884E+00
  112    4.29307E+00   3.767E+02   4.166E+00
  300        82  112    2   1568
   82   -3.20776E+00   1.153E-05   3.236E-01
   84   -2.70776E+00   3.579E-05   3.236E-01
   86   -2.20775E+00   1.123E-04   3.236E-01
   88   -1.70775E+00   3.540E-04   3.237E-01
   90   -1.20775E+00   1.117E-03   3.239E-01
   92   -7.07747E-01   3.526E-03   3.246E-01
   94   -2.07742E-01   1.108E-02   3.266E-01
   96    2.92255E-01   3.449E-02   3.322E-01
   98    7.92263E-01   1.054E-01   3.463E-01
  100    1.29228E+00   3.145E-01   3.773E-01
  102    1.79231E+00   9.258E-01   4.336E-01
  104    2.29237E+00   2.753E+00   5.156E-01
  106    2.79243E+00   8.364E+00   6.381E-01
  108    3.29251E+00   2.586E+01   8.656E-01
  110    3.79269E+00   8.068E+01   1.424E+00
  112    4.29306E+00   2.509E+02   2.979E+00
  302        82  112    2   1584
   82   -3.20776E+00   7.282E-06   3.217E-01
   84   -2.70776E+00   2.260E-05   3.217E-01
   86   -2.20775E+00   7.089E-05   3.217E-01
   88   -1.70775E+00   2.235E-04   3.218E-01
   90   -1.20775E+00   7.059E-04   3.219E-01
   92   -7.07748E-01   2.229E-03   3.224E-01
   94   -2.07746E-01   7.019E-03   3.236E-01
   96    2.92254E-01   2.197E-02   3.270E-01
   98    7.92257E-01   6.795E-02   3.359E-01
  100    1.29227E+00   2.062E-01   3.564E-01
  102    1.79230E+00   6.156E-01   3.962E-01
  104    2.29234E+00   1.840E+00   4.588E-01
  106    2.79240E+00   5.584E+00   5.530E-01
  108    3.29246E+00   1.724E+01   7.136E-01
  110    3.79260E+00   5.385E+01   1.098E+00
  112    4.29260E+00   1.706E+02   2.140E+00
  304        84  112    2   1600
   84   -2.70776E+00   1.440E-05   3.196E-01
   86   -2.20776E+00   4.519E-05   3.196E-01
   88   -1.70775E+00   1.426E-04   3.197E-01
   90   -1.20775E+00   4.502E-04   3.198E-01
   92   -7.07752E-01   1.422E-03   3.200E-01
   94   -2.07747E-01   4.484E-03   3.208E-01
   96    2.92253E-01   1.408E-02   3.229E-01
   98    7.92254E-01   4.389E-02   3.286E-01
  100    1.29226E+00   1.349E-01   3.420E-01
  102    1.79229E+00   4.078E-01   3.696E-01
  104    2.29233E+00   1.227E+00   4.162E-01
  106    2.79237E+00   3.728E+00   4.882E-01
  108    3.29242E+00   1.150E+01   6.038E-01
  110    3.79253E+00   3.591E+01   8.649E-01
  112    4.29257E+00   1.134E+02   1.503E+00
  306        84  114    2   1615
   84   -2.70776E+00   9.261E-06   3.173E-01
   86   -2.20776E+00   2.907E-05   3.173E-01
   88   -1.70775E+00   9.170E-05   3.174E-01
   90   -1.20776E+00   2.897E-04   3.174E-01
   92   -7.07752E-01   9.152E-04   3.176E-01
   94   -2.07751E-01   2.888E-03   3.181E-01
   96    2.92252E-01   9.090E-03   3.194E-01
   98    7.92252E-01   2.846E-02   3.230E-01
  100    1.29226E+00   8.821E-02   3.318E-01
  102    1.79228E+00   2.697E-01   3.507E-01
  104    2.29231E+00   8.176E-01   3.845E-01
  106    2.79235E+00   2.489E+00   4.386E-01
  108    3.29239E+00   7.669E+00   5.231E-01
  110    3.79248E+00   2.394E+01   6.987E-01
  112    4.29254E+00   7.540E+01   1.086E+00
  114    4.79250E+00   2.378E+02   2.650E+00
  308        84  114    2   1631
   84   -2.70776E+00   5.993E-06   3.148E-01
   86   -2.20776E+00   1.882E-05   3.148E-01
   88   -1.70775E+00   5.937E-05   3.148E-01
   90   -1.20776E+00   1.875E-04   3.149E-01
   92   -7.07752E-01   5.926E-04   3.150E-01
   94   -2.07751E-01   1.871E-03   3.153E-01
   96    2.92251E-01   5.899E-03   3.161E-01
   98    7.92251E-01   1.853E-02   3.185E-01
  100    1.29226E+00   5.776E-02   3.242E-01
  102    1.79227E+00   1.780E-01   3.370E-01
  104    2.29230E+00   5.439E-01   3.611E-01
  106    2.79233E+00   1.661E+00   4.009E-01
  108    3.29237E+00   5.117E+00   4.628E-01
  110    3.79244E+00   1.596E+01   5.800E-01
  112    4.29251E+00   5.018E+01   8.259E-01
  114    4.79243E+00   1.595E+02   2.010E+00
  310        86  114    2   1647
   86   -2.20776E+00   1.224E-05   3.121E-01
   88   -1.70776E+00   3.862E-05   3.121E-01
   90   -1.20776E+00   1.220E-04   3.121E-01
   92   -7.07752E-01   3.856E-04   3.122E-01
   94   -2.07751E-01   1.218E-03   3.124E-01
   96    2.92250E-01   3.843E-03   3.129E-01
   98    7.92249E-01   1.210E-02   3.144E-01
  100    1.29225E+00   3.787E-02   3.182E-01
  102    1.79227E+00   1.175E-01   3.268E-01
  104    2.29229E+00   3.610E-01   3.437E-01
  106    2.79231E+00   1.106E+00   3.724E-01
  108    3.29234E+00   3.413E+00   4.171E-01
  110    3.79241E+00   1.064E+01   4.946E-01
  112    4.29249E+00   3.342E+01   6.594E-01
  114    4.79241E+00   1.063E+02   1.500E+00
  312        86  116    2   1662
   86   -2.20776E+00   7.993E-06   3.090E-01
   88   -1.70776E+00   2.523E-05   3.090E-01
   90   -1.20776E+00   7.971E-05   3.090E-01
   92   -7.07752E-01   2.519E-04   3.091E-01
   94   -2.07752E-01   7.959E-04   3.092E-01
   96    2.92246E-01   2.513E-03   3.096E-01
   98    7.92248E-01   7.922E-03   3.105E-01
  100    1.29225E+00   2.487E-02   3.130E-01
  102    1.79226E+00   7.754E-02   3.188E-01
  104    2.29228E+00   2.397E-01   3.305E-01
  106    2.79230E+00   7.376E-01   3.508E-01
  108    3.29232E+00   2.278E+00   3.823E-01
  110    3.79238E+00   7.093E+00   4.327E-01
  112    4.29245E+00   2.225E+01   5.445E-01
  114    4.79240E+00   7.072E+01   1.107E+00
  116    5.29233E+00   2.245E+02   2.154E+00
  314        86  116    2   1678
   86   -2.20776E+00   5.238E-06   3.057E-01
   88   -1.70776E+00   1.653E-05   3.057E-01
   90   -1.20776E+00   5.225E-05   3.057E-01
   92   -7.07753E-01   1.651E-04   3.057E-01
   94   -2.07752E-01   5.219E-04   3.058E-01
   96    2.92246E-01   1.649E-03   3.060E-01
   98    7.92247E-01   5.202E-03   3.066E-01
  100    1.29225E+00   1.637E-02   3.083E-01
  102    1.79226E+00   5.120E-02   3.121E-01
  104    2.29227E+00   1.591E-01   3.201E-01
  106    2.79229E+00   4.914E-01   3.343E-01
  108    3.29231E+00   1.521E+00   3.556E-01
  110    3.79236E+00   4.732E+00   3.874E-01
  112    4.29243E+00   1.483E+01   4.598E-01
  114    4.79238E+00   4.712E+01   8.037E-01
  116    5.29233E+00   1.496E+02   1.674E+00
  316        88  116    2   1694
   88   -1.70776E+00   1.086E-05   3.020E-01
   90   -1.20776E+00   3.433E-05   3.020E-01
   92   -7.07756E-01   1.085E-04   3.020E-01
   94   -2.07752E-01   3.430E-04   3.021E-01
   96    2.92245E-01   1.084E-03   3.022E-01
   98    7.92247E-01   3.422E-03   3.026E-01
  100    1.29225E+00   1.078E-02   3.037E-01
  102    1.79226E+00   3.383E-02   3.062E-01
  104    2.29227E+00   1.055E-01   3.115E-01
  106    2.79228E+00   3.272E-01   3.211E-01
  108    3.29229E+00   1.015E+00   3.349E-01
  110    3.79234E+00   3.158E+00   3.535E-01
  112    4.29241E+00   9.886E+00   3.961E-01
  114    4.79237E+00   3.133E+01   5.683E-01
  116    5.29231E+00   9.947E+01   1.310E+00
  318        88  116    2   1709
   88   -1.70776E+00   7.155E-06   2.979E-01
   90   -1.20776E+00   2.261E-05   2.979E-01
   92   -7.07756E-01   7.148E-05   2.979E-01
   94   -2.07756E-01   2.260E-04   2.979E-01
   96    2.92245E-01   7.142E-04   2.980E-01
   98    7.92246E-01   2.256E-03   2.983E-01
  100    1.29225E+00   7.115E-03   2.990E-01
  102    1.79225E+00   2.236E-02   3.006E-01
  104    2.29226E+00   6.996E-02   3.041E-01
  106    2.79227E+00   2.177E-01   3.104E-01
  108    3.29228E+00   6.776E-01   3.187E-01
  110    3.79232E+00   2.110E+00   3.278E-01
  112    4.29239E+00   6.591E+00   3.480E-01
  114    4.79236E+00   2.087E+01   4.120E-01
  116    5.29231E+00   6.625E+01   1.030E+00
  320        88  118    2   1724
   88   -1.70776E+00   4.721E-06   2.933E-01
   90   -1.20776E+00   1.492E-05   2.933E-01
   92   -7.07756E-01   4.716E-05   2.933E-01
   94   -2.07756E-01   1.491E-04   2.934E-01
   96    2.92245E-01   4.713E-04   2.934E-01
   98    7.92246E-01   1.489E-03   2.936E-01
  100    1.29225E+00   4.701E-03   2.940E-01
  102    1.79225E+00   1.480E-02   2.950E-01
  104    2.29226E+00   4.640E-02   2.972E-01
  106    2.79227E+00   1.448E-01   3.011E-01
  108    3.29228E+00   4.519E-01   3.057E-01
  110    3.79230E+00   1.410E+00   3.080E-01
  112    4.29237E+00   4.395E+00   3.123E-01
  114    4.79234E+00   1.396E+01   3.249E-01
  116    5.29231E+00   4.415E+01   8.134E-01
  118    5.79228E+00   1.398E+02   1.325E+00
 

